Juviniles, Adults, Seniles, Total
20,10,10,40
20,20,10,50
40,20,20,80
40,40,20,100
80,40,40,160
80,80,40,200
160,16,80,256
32,32,16,80
64,32,32,128
64,64,32,160
128,64,64,256
128,26,64,218
52,26,26,104
52,10,26,88
20,52,10,82
104,20,52,176
40,104,20,164
208,40,104,352
80,42,40,162
84,16,42,142
32,17,16,65
34,32,17,83
64,34,32,130
68,64,34,166
128,68,64,260
136,154,68,358
308,163,154,625
326,62,163,551
124,65,62,251
130,25,65,220
50,26,25,101
52,10,26,88
20,52,10,82
104,20,52,176
40,104,20,164
208,40,104,352
80,42,40,162
84,16,42,142
32,17,16,65
34,32,17,83
64,34,32,130
68,64,34,166
128,68,64,260
136,154,68,358
308,27,154,489
54,62,27,143
124,11,62,197
22,149,11,182
298,4,149,451
8,60,4,72
120,8,60,188
16,120,8,144
240,16,120,376
32,48,16,96
96,32,48,176
64,96,32,192
192,64,96,352
128,38,64,230
76,26,38,140
52,91,26,169
182,10,91,283
20,36,10,66
72,20,36,128
40,72,20,132
144,40,72,256
80,29,40,149
58,16,29,103
32,12,16,60
24,32,12,68
64,24,32,120
48,64,24,136
128,48,64,240
96,26,48,170
52,115,26,193
230,10,115,355
20,46,10,76
92,20,46,158
40,92,20,152
184,40,92,316
80,221,40,341
442,16,221,679
32,88,16,136
176,6,88,270
12,35,6,53
70,12,35,117
24,70,12,106
140,24,70,234
48,28,24,100
56,48,28,132
96,56,48,200
112,115,56,283
230,134,115,479
268,276,134,678
552,54,276,882
108,662,54,824
1324,22,662,2008
44,1589,22,1655
3178,9,1589,4776
18,636,9,663
1272,22,636,1930
44,1526,22,1592
3052,9,1526,4587
18,3662,9,3689
7324,22,3662,11008
44,8789,22,8855
17578,9,8789,26376
18,3516,9,3543
7032,4,3516,10552
8,1406,4,1418
2812,10,1406,4228
20,3374,10,3404
6748,4,3374,10126
8,1350,4,1362
2700,10,1350,4060
20,540,10,570
1080,24,540,1644
48,1296,24,1368
2592,10,1296,3898
20,518,10,548
1036,4,518,1558
8,207,4,219
414,2,207,623
4,83,2,89
166,4,83,253
8,33,4,45
66,8,33,107
16,66,8,90
132,16,66,214
32,26,16,74
52,32,26,110
64,52,32,148
104,64,52,220
128,21,64,213
42,26,21,89
52,42,26,120
84,52,42,178
104,84,52,240
168,21,84,273
42,34,21,97
68,42,34,144
84,68,42,194
136,84,68,288
168,27,84,279
54,202,27,283
404,11,202,617
22,81,11,114
162,26,81,269
52,194,26,272
388,10,194,592
20,78,10,108
156,4,78,238
8,31,4,43
62,8,31,101
16,62,8,86
124,16,62,202
32,25,16,73
50,32,25,107
64,50,32,146
100,64,50,214
128,20,64,212
40,26,20,86
52,40,26,118
80,52,40,172
104,80,52,236
160,21,80,261
42,32,21,95
64,42,32,138
84,64,42,190
128,84,64,276
168,26,84,278
52,202,26,280
404,10,202,616
20,485,10,515
970,4,485,1459
8,194,4,206
388,10,194,592
20,78,10,108
156,4,78,238
8,31,4,43
62,8,31,101
16,62,8,86
124,16,62,202
32,25,16,73
50,32,25,107
64,50,32,146
100,64,50,214
128,20,64,212
40,26,20,86
52,40,26,118
80,52,40,172
104,80,52,236
160,21,80,261
42,192,21,255
384,8,192,584
16,77,8,101
154,3,77,234
6,31,3,40
62,6,31,99
12,62,6,80
124,12,62,198
24,124,12,160
248,24,124,396
48,50,24,122
100,10,50,160
20,20,10,50
40,20,20,80
40,40,20,100
80,40,40,160
80,80,40,200
160,16,80,256
32,32,16,80
64,32,32,128
64,64,32,160
128,64,64,256
128,26,64,218
52,26,26,104
52,10,26,88
20,52,10,82
104,20,52,176
40,104,20,164
208,40,104,352
80,42,40,162
84,16,42,142
32,17,16,65
34,32,17,83
64,34,32,130
68,64,34,166
128,68,64,260
136,26,68,230
52,27,26,105
54,10,27,91
20,54,10,84
108,20,54,182
40,108,20,168
216,40,108,364
80,43,40,163
86,16,43,145
32,17,16,65
34,32,17,83
64,34,32,130
68,64,34,166
128,68,64,260
136,26,68,230
52,27,26,105
54,10,27,91
20,54,10,84
108,20,54,182
40,108,20,168
216,40,108,364
80,43,40,163
86,16,43,145
32,17,16,65
34,32,17,83
64,34,32,130
68,64,34,166
128,68,64,260
136,154,68,358
308,27,154,489
54,62,27,143
124,65,62,251
130,25,65,220
50,26,25,101
52,10,26,88
20,52,10,82
104,20,52,176
40,104,20,164
208,40,104,352
80,42,40,162
84,16,42,142
32,17,16,65
34,32,17,83
64,34,32,130
68,64,34,166
128,68,64,260
136,26,68,230
52,27,26,105
54,10,27,91
20,54,10,84
108,20,54,182
40,108,20,168
216,40,108,364
80,259,40,379
518,96,259,873
192,104,96,392
208,230,104,542
460,42,230,732
84,92,42,218
184,101,92,377
202,221,101,524
442,40,221,703
80,88,40,208
176,16,88,280
32,211,16,259
422,38,211,671
76,84,38,198
168,15,84,267
30,34,15,79
68,30,34,132
60,68,30,158
136,60,68,264
120,27,60,207
54,24,27,105
48,11,24,83
22,48,11,81
96,22,48,166
44,96,22,162
192,44,96,332
88,230,44,362
460,18,230,708
36,92,18,146
184,7,92,283
14,221,7,242
442,3,221,666
6,88,3,97
176,6,88,270
12,35,6,53
70,12,35,117
24,70,12,106
140,24,70,234
48,168,24,240
336,10,168,514
20,67,10,97
134,20,67,221
40,27,20,87
54,40,27,121
80,54,40,174
108,80,54,242
160,22,80,262
44,32,22,98
64,44,32,140
88,64,44,196
128,88,64,280
176,154,88,418
308,35,154,497
70,62,35,167
124,14,62,200
28,25,14,67
50,28,25,103
56,50,28,134
100,56,50,206
112,20,56,188
40,134,20,194
268,8,134,410
16,54,8,78
108,16,54,178
32,108,16,156
216,32,108,356
64,259,32,355
518,77,259,854
154,104,77,335
208,31,104,343
62,42,31,135
84,74,42,200
148,17,74,239
34,30,17,81
60,34,30,124
68,60,34,162
120,68,60,248
136,24,68,228
48,27,24,99
54,48,27,129
96,54,48,198
108,96,54,258
192,22,96,310
44,38,22,104
76,53,38,167
106,15,53,174
30,21,15,66
42,30,21,93
60,42,30,132
84,60,42,186
120,84,60,264
168,24,84,276
48,34,24,106
68,10,34,112
20,82,10,112
164,4,82,250
8,33,4,45
66,8,33,107
16,66,8,90
132,16,66,214
32,26,16,74
52,32,26,110
64,52,32,148
104,64,52,220
128,21,64,213
42,26,21,89
52,42,26,120
84,52,42,178
104,84,52,240
168,21,84,273
42,34,21,97
68,42,34,144
84,68,42,194
136,84,68,288
168,27,84,279
54,34,27,115
68,11,34,113
22,14,11,47
28,22,14,64
44,28,22,94
56,44,28,128
88,56,44,188
112,88,56,256
176,22,88,286
44,35,22,101
70,9,35,114
18,84,9,111
168,4,84,256
8,34,4,46
68,8,34,110
16,68,8,92
136,16,68,220
32,27,16,75
54,32,27,113
64,54,32,150
108,64,54,226
128,22,64,214
44,26,22,92
52,44,26,122
88,52,44,184
104,88,52,244
176,21,88,285
42,35,21,98
70,42,35,147
84,70,42,196
140,84,70,294
168,28,84,280
56,34,28,118
68,11,34,113
22,14,11,47
28,22,14,64
44,28,22,94
56,44,28,128
88,56,44,188
112,88,56,256
176,22,88,286
44,211,22,277
422,9,211,642
18,84,9,111
168,4,84,256
8,34,4,46
68,8,34,110
16,68,8,92
136,16,68,220
32,27,16,75
54,32,27,113
64,54,32,150
108,64,54,226
128,22,64,214
44,26,22,92
52,44,26,122
88,52,44,184
104,88,52,244
176,21,88,285
42,35,21,98
70,42,35,147
84,70,42,196
140,84,70,294
168,28,84,280
56,34,28,118
68,11,34,113
22,14,11,47
28,22,14,64
44,28,22,94
56,44,28,128
88,56,44,188
112,88,56,256
176,22,88,286
44,211,22,277
422,9,211,642
18,84,9,111
168,4,84,256
8,34,4,46
68,8,34,110
16,68,8,92
136,16,68,220
32,163,16,211
326,6,163,495
12,65,6,83
130,12,65,207
24,26,12,62
52,24,26,102
48,52,24,124
104,48,52,204
96,125,48,269
250,19,125,394
38,50,19,107
100,46,50,196
92,20,46,158
40,18,20,78
36,40,18,94
80,36,40,156
72,80,36,188
160,72,80,312
144,32,72,248
64,29,32,125
58,13,29,100
26,58,13,97
116,26,58,200
52,23,26,101
46,62,23,131
124,9,62,195
18,25,9,52
50,18,25,93
36,50,18,104
100,36,50,186
72,100,36,208
200,14,100,314
28,40,14,82
80,28,40,148
56,80,28,164
160,56,80,296
112,32,56,200
64,22,32,118
44,13,22,79
26,44,13,83
88,26,44,158
52,88,26,166
176,52,88,316
104,35,52,191
70,21,35,126
42,14,21,77
28,42,14,84
84,28,42,154
56,84,28,168
168,56,84,308
112,202,56,370
404,22,202,628
44,81,22,147
162,9,81,252
18,32,9,59
64,18,32,114
36,64,18,118
128,36,64,228
72,26,36,134
52,14,26,92
28,52,14,94
104,28,52,184
56,104,28,188
208,56,104,368
112,42,56,210
84,22,42,148
44,101,22,167
202,9,101,312
18,40,9,67
80,18,40,138
36,80,18,134
160,36,80,276
72,32,36,140
64,14,32,110
28,13,14,55
26,28,13,67
56,26,28,110
52,56,26,134
112,52,56,220
104,22,52,178
44,21,22,87
42,44,21,107
88,42,44,174
84,88,42,214
176,17,88,281
34,35,17,86
70,34,35,139
68,70,34,172
140,68,70,278
136,168,68,372
336,27,168,531
54,67,27,148
134,11,67,212
22,27,11,60
54,22,27,103
44,54,22,120
108,44,54,206
88,22,44,154
44,18,22,84
36,44,18,98
88,36,44,168
72,88,36,196
176,72,88,336
144,35,72,251
70,29,35,134
58,84,29,171
168,12,84,264
24,34,12,70
68,24,34,126
48,68,24,140
136,48,68,252
96,27,48,171
54,19,27,100
38,54,19,111
108,38,54,200
76,22,38,136
44,15,22,81
30,44,15,89
88,30,44,162
60,88,30,178
176,60,88,324
120,211,60,391
422,24,211,657
48,506,24,578
1012,10,506,1528
20,202,10,232
404,4,202,610
8,81,4,93
162,8,81,251
16,32,8,56
64,16,32,112
32,64,16,112
128,32,64,224
64,154,32,250
308,77,154,539
154,370,77,601
740,31,370,1141
62,148,31,241
296,12,148,456
24,59,12,95
118,24,59,201
48,142,24,214
284,10,142,436
20,341,10,371
682,4,341,1027
8,136,4,148
272,2,136,410
4,54,2,60
108,4,54,166
8,108,4,120
216,8,108,332
16,43,8,67
86,16,43,145
32,86,16,134
172,32,86,290
64,206,32,302
412,77,206,695
154,494,77,725
988,31,494,1513
62,198,31,291
396,12,198,606
24,475,12,511
950,5,475,1430
10,190,5,205
380,2,190,572
4,76,2,82
152,4,76,232
8,30,4,42
60,8,30,98
16,60,8,84
120,16,60,196
32,120,16,168
240,32,120,392
64,48,32,144
96,13,48,157
26,19,13,58
38,26,19,83
52,38,26,116
76,52,38,166
104,76,52,232
152,21,76,249
42,182,21,245
364,8,182,554
16,73,8,97
146,16,73,235
32,29,16,77
58,32,29,119
64,58,32,154
116,64,58,238
128,23,64,215
46,154,23,223
308,9,154,471
18,370,9,397
740,4,370,1114
8,888,4,900
1776,2,888,2666
4,355,2,361
710,1,355,1066
2,142,1,145
284,2,142,428
4,57,2,63
114,4,57,175
8,114,4,126
228,8,114,350
16,46,8,70
92,16,46,154
32,92,16,140
184,32,92,308
64,37,32,133
74,13,37,124
26,89,13,128
178,5,89,272
10,36,5,51
72,10,36,118
20,72,10,102
144,20,72,236
40,29,20,89
58,40,29,127
80,58,40,178
116,80,58,254
160,23,80,263
46,32,23,101
64,9,32,105
18,13,9,40
26,18,13,57
36,26,18,80
52,36,26,114
72,52,36,160
104,72,52,228
144,125,72,341
250,29,125,404
58,50,29,137
100,12,50,162
24,20,12,56
40,24,20,84
48,40,24,112
80,48,40,168
96,80,48,224
160,19,80,259
38,32,19,89
64,38,32,134
76,64,38,178
128,76,64,268
152,26,76,254
52,30,26,108
60,62,30,152
124,12,62,198
24,25,12,61
50,24,25,99
48,50,24,122
100,48,50,198
96,100,48,244
200,115,100,415
230,40,115,385
80,276,40,396
552,16,276,844
32,110,16,158
220,6,110,336
12,44,6,62
88,12,44,144
24,88,12,124
176,24,88,288
48,35,24,107
70,58,35,163
116,14,58,188
28,139,14,181
278,6,139,423
12,334,6,352
668,2,334,1004
4,134,2,140
268,1,134,403
2,54,1,57
108,2,54,164
4,108,2,114
216,4,108,328
8,43,4,55
86,8,43,137
16,86,8,110
172,16,86,274
32,34,16,82
68,32,34,134
64,68,32,164
136,64,68,268
128,27,64,219
54,26,27,107
52,11,26,89
22,52,11,85
104,22,52,178
44,104,22,170
208,44,104,356
88,250,44,382
500,106,250,856
212,100,106,418
200,42,100,342
84,40,42,166
80,17,40,137
34,16,17,67
32,34,16,82
68,32,34,134
64,68,32,164
136,64,68,268
128,27,64,219
54,26,27,107
52,11,26,89
22,52,11,85
104,22,52,178
44,104,22,170
208,44,104,356
88,42,44,174
84,18,42,144
36,17,18,71
34,36,17,87
72,34,36,142
68,72,34,174
144,68,72,284
136,173,68,377
346,27,173,546
54,69,27,150
138,11,69,218
22,166,11,199
332,26,166,524
52,66,26,144
132,62,66,260
124,158,62,344
316,25,158,499
50,379,25,454
758,10,379,1147
20,152,10,182
304,4,152,460
8,61,4,73
122,8,61,191
16,122,8,146
244,16,122,382
32,49,16,97
98,32,49,179
64,98,32,194
196,64,98,358
128,39,64,231
78,26,39,143
52,94,26,172
188,10,94,292
20,38,10,68
76,20,38,134
40,76,20,136
152,40,76,268
80,30,40,150
60,16,30,106
32,12,16,60
24,32,12,68
64,24,32,120
48,64,24,136
128,48,64,240
96,26,48,170
52,19,26,97
38,52,19,109
104,38,52,194
76,104,38,218
208,15,104,327
30,42,15,87
84,30,42,156
60,84,30,174
168,60,84,312
120,202,60,382
404,24,202,630
48,81,24,153
162,10,81,253
20,194,10,224
388,4,194,586
8,78,4,90
156,8,78,242
16,31,8,55
62,16,31,109
32,62,16,110
124,32,62,218
64,25,32,121
50,77,25,152
154,10,77,241
20,31,10,61
62,20,31,113
40,62,20,122
124,40,62,226
80,25,40,145
50,96,25,171
192,60,96,348
120,230,60,410
460,144,230,834
288,92,144,524
184,58,92,334
116,37,58,211
74,139,37,250
278,15,139,432
30,56,15,101
112,6,56,174
12,22,6,40
44,12,22,78
24,44,12,80
88,24,44,156
48,88,24,160
176,48,88,312
96,35,48,179
70,19,35,124
38,84,19,141
168,8,84,260
16,34,8,58
68,16,34,118
32,68,16,116
136,32,68,236
64,27,32,123
54,77,27,158
154,11,77,242
22,185,11,218
370,4,185,559
8,74,4,86
148,8,74,230
16,178,8,202
356,3,178,537
6,71,3,80
142,6,71,219
12,28,6,46
56,12,28,96
24,56,12,92
112,24,56,192
48,112,24,184
224,48,112,384
96,45,48,189
90,19,45,154
38,18,19,75
36,38,18,92
76,36,38,150
72,76,36,184
152,72,76,300
144,30,72,246
60,173,30,263
346,12,173,531
24,415,12,451
830,5,415,1250
10,166,5,181
332,12,166,510
24,398,12,434
796,5,398,1199
10,159,5,174
318,2,159,479
4,64,2,70
128,4,64,196
8,128,4,140
256,8,128,392
16,51,8,75
102,16,51,169
32,102,16,150
204,32,102,338
64,41,32,137
82,13,41,136
26,16,13,55
32,26,16,74
52,32,26,110
64,52,32,148
104,64,52,220
128,21,64,213
42,26,21,89
52,42,26,120
84,52,42,178
104,84,52,240
168,21,84,273
42,34,21,97
68,42,34,144
84,68,42,194
136,84,68,288
168,27,84,279
54,34,27,115
68,11,34,113
22,14,11,47
28,22,14,64
44,28,22,94
56,44,28,128
88,56,44,188
112,88,56,256
176,22,88,286
44,35,22,101
70,53,35,158
106,14,53,173
28,127,14,169
254,34,127,415
68,51,34,153
102,14,51,167
28,20,14,62
40,28,20,88
56,40,28,124
80,56,40,176
112,80,56,248
160,22,80,262
44,192,22,258
384,9,192,585
18,77,9,104
154,4,77,235
8,31,4,43
62,8,31,101
16,62,8,86
124,16,62,202
32,25,16,73
50,32,25,107
64,50,32,146
100,64,50,214
128,20,64,212
40,26,20,86
52,40,26,118
80,52,40,172
104,80,52,236
160,21,80,261
42,32,21,95
64,42,32,138
84,64,42,190
128,84,64,276
168,26,84,278
52,202,26,280
404,10,202,616
20,81,10,111
162,4,81,247
8,32,4,44
64,8,32,104
16,64,8,88
128,16,64,208
32,26,16,74
52,32,26,110
64,52,32,148
104,64,52,220
128,21,64,213
42,26,21,89
52,42,26,120
84,52,42,178
104,84,52,240
168,21,84,273
42,34,21,97
68,42,34,144
84,68,42,194
136,84,68,288
168,27,84,279
54,34,27,115
68,11,34,113
22,14,11,47
28,22,14,64
44,28,22,94
56,44,28,128
88,56,44,188
112,88,56,256
176,134,88,398
268,211,134,613
422,322,211,955
644,506,322,1472
1012,773,506,2291
1546,202,773,2521
404,1855,202,2461
3710,81,1855,5646
162,742,81,985
1484,32,742,2258
64,297,32,393
594,77,297,968
154,119,77,350
238,31,119,388
62,48,31,141
96,12,48,156
24,115,12,151
230,5,115,350
10,46,5,61
92,10,46,148
20,92,10,122
184,20,92,296
40,221,20,281
442,8,221,671
16,88,8,112
176,3,88,267
6,35,3,44
70,6,35,111
12,70,6,88
140,12,70,222
24,28,12,64
56,24,28,108
48,56,24,128
112,48,56,216
96,22,48,166
44,19,22,85
38,44,19,101
88,38,44,170
76,88,38,202
176,91,88,355
182,35,91,308
70,36,35,141
72,14,36,122
28,14,14,56
28,28,14,70
56,28,28,112
56,56,28,140
112,56,56,224
112,134,56,302
268,134,134,536
268,54,134,456
108,54,54,216
108,22,54,184
44,22,22,88
44,44,22,110
88,44,44,176
88,88,44,220
176,106,88,370
212,35,106,353
70,42,35,147
84,14,42,140
28,17,14,59
34,28,17,79
56,34,28,118
68,56,34,158
112,68,56,236
136,22,68,226
44,27,22,93
54,44,27,125
88,54,44,186
108,88,54,250
176,22,88,286
44,35,22,101
70,9,35,114
18,14,9,41
28,18,14,60
36,28,18,82
56,36,28,120
72,56,36,164
112,72,56,240
144,134,72,350
268,29,134,431
58,54,29,141
108,12,54,174
24,22,12,58
44,24,22,90
48,44,24,116
88,48,44,180
96,88,48,232
176,19,88,283
38,211,19,268
422,8,211,641
16,84,8,108
168,3,84,255
6,34,3,43
68,6,34,108
12,68,6,86
136,12,68,216
24,27,12,63
54,24,27,105
48,54,24,126
108,48,54,210
96,22,48,166
44,19,22,85
38,44,19,101
88,38,44,170
76,88,38,202
176,15,88,279
30,35,15,80
70,30,35,135
60,70,30,160
140,60,70,270
120,28,60,208
56,24,28,108
48,11,24,83
22,48,11,81
96,22,48,166
44,96,22,162
192,44,96,332
88,38,44,170
76,18,38,132
36,15,18,69
30,36,15,81
72,30,36,138
60,72,30,162
144,60,72,276
120,29,60,209
58,144,29,231
288,70,144,502
140,58,70,268
116,168,58,342
336,23,168,527
46,403,23,472
806,9,403,1218
18,161,9,188
322,4,161,487
8,64,4,76
128,8,64,200
16,26,8,50
52,16,26,94
32,52,16,100
104,32,52,188
64,104,32,200
208,77,104,389
154,42,77,273
84,185,42,311
370,101,185,656
202,74,101,377
148,40,74,262
80,30,40,150
60,96,30,186
192,12,96,300
24,230,12,266
460,5,230,695
10,92,5,107
184,2,92,278
4,37,2,43
74,4,37,115
8,74,4,86
148,8,74,230
16,30,8,54
60,16,30,106
32,60,16,108
120,32,60,212
64,144,32,240
288,13,144,445
26,58,13,97
116,26,58,200
52,23,26,101
46,10,23,79
20,46,10,76
92,20,46,158
40,92,20,152
184,40,92,316
80,37,40,157
74,16,37,127
32,15,16,63
30,32,15,77
64,30,32,126
60,64,30,154
128,60,64,252
120,26,60,206
52,24,26,102
48,62,24,134
124,10,62,196
20,25,10,55
50,20,25,95
40,50,20,110
100,40,50,190
80,100,40,220
200,16,100,316
32,40,16,88
80,32,40,152
64,80,32,176
160,64,80,304
128,32,64,224
64,154,32,250
308,13,154,475
26,370,13,409
740,31,370,1141
62,888,31,981
1776,12,888,2676
24,355,12,391
710,29,355,1094
58,142,29,229
284,70,142,496
140,57,70,267
114,28,57,199
56,23,28,107
46,11,23,80
22,46,11,79
92,22,46,160
44,92,22,158
184,44,92,320
88,221,44,353
442,18,221,681
36,530,18,584
1060,7,530,1597
14,1272,7,1293
2544,3,1272,3819
6,3053,3,3062
6106,1,3053,9160
2,1221,1,1224
2442,0,1221,3663
0,2930,0,2930
5860,0,2930,8790
0,7032,0,7032
14064,0,7032,21096
0,2813,0,2813
5626,0,2813,8439
0,1125,0,1125
2250,0,1125,3375
0,450,0,450
900,0,450,1350
0,180,0,180
360,0,180,540
0,72,0,72
144,0,72,216
0,29,0,29
58,0,29,87
0,58,0,58
116,0,58,174
0,116,0,116
232,0,116,348
0,46,0,46
92,0,46,138
0,92,0,92
184,0,92,276
0,37,0,37
74,0,37,111
0,74,0,74
148,0,74,222
0,30,0,30
60,0,30,90
0,60,0,60
120,0,60,180
0,120,0,120
240,0,120,360
0,48,0,48
96,0,48,144
0,96,0,96
192,0,96,288
0,38,0,38
76,0,38,114
0,76,0,76
152,0,76,228
0,30,0,30
60,0,30,90
0,60,0,60
120,0,60,180
0,120,0,120
240,0,120,360
0,48,0,48
96,0,48,144
0,96,0,96
192,0,96,288
0,38,0,38
76,0,38,114
0,76,0,76
152,0,76,228
0,30,0,30
60,0,30,90
0,60,0,60
120,0,60,180
0,120,0,120
240,0,120,360
0,48,0,48
96,0,48,144
0,96,0,96
192,0,96,288
0,38,0,38
76,0,38,114
0,76,0,76
152,0,76,228
0,30,0,30
60,0,30,90
0,60,0,60
120,0,60,180
0,120,0,120
240,0,120,360
0,288,0,288
576,0,288,864
0,115,0,115
230,0,115,345
0,46,0,46
92,0,46,138
0,92,0,92
184,0,92,276
0,37,0,37
74,0,37,111
0,74,0,74
148,0,74,222
0,178,0,178
356,0,178,534
0,427,0,427
854,0,427,1281
0,1025,0,1025
2050,0,1025,3075
0,2460,0,2460
4920,0,2460,7380
0,984,0,984
1968,0,984,2952
0,394,0,394
788,0,394,1182
0,158,0,158
316,0,158,474
0,63,0,63
126,0,63,189
0,126,0,126
252,0,126,378
0,50,0,50
100,0,50,150
0,100,0,100
200,0,100,300
0,40,0,40
80,0,40,120
0,80,0,80
160,0,80,240
0,192,0,192
384,0,192,576
0,461,0,461
922,0,461,1383
0,1106,0,1106
2212,0,1106,3318
0,442,0,442
884,0,442,1326
0,177,0,177
354,0,177,531
0,425,0,425
850,0,425,1275
0,1020,0,1020
2040,0,1020,3060
0,408,0,408
816,0,408,1224
0,163,0,163
326,0,163,489
0,65,0,65
130,0,65,195
0,130,0,130
260,0,130,390
0,52,0,52
104,0,52,156
0,104,0,104
208,0,104,312
0,42,0,42
84,0,42,126
0,84,0,84
168,0,84,252
0,34,0,34
68,0,34,102
0,68,0,68
136,0,68,204
0,27,0,27
54,0,27,81
0,54,0,54
108,0,54,162
0,108,0,108
216,0,108,324
0,43,0,43
86,0,43,129
0,86,0,86
172,0,86,258
0,206,0,206
412,0,206,618
0,82,0,82
164,0,82,246
0,33,0,33
66,0,33,99
0,66,0,66
132,0,66,198
0,132,0,132
264,0,132,396
0,317,0,317
634,0,317,951
0,127,0,127
254,0,127,381
0,305,0,305
610,0,305,915
0,122,0,122
244,0,122,366
0,49,0,49
98,0,49,147
0,98,0,98
196,0,98,294
0,39,0,39
78,0,39,117
0,78,0,78
156,0,78,234
0,187,0,187
374,0,187,561
0,75,0,75
150,0,75,225
0,30,0,30
60,0,30,90
0,60,0,60
120,0,60,180
0,120,0,120
240,0,120,360
0,48,0,48
96,0,48,144
0,96,0,96
192,0,96,288
0,38,0,38
76,0,38,114
0,76,0,76
152,0,76,228
0,182,0,182
364,0,182,546
0,73,0,73
146,0,73,219
0,29,0,29
58,0,29,87
0,58,0,58
116,0,58,174
0,116,0,116
232,0,116,348
0,46,0,46
92,0,46,138
0,92,0,92
184,0,92,276
0,37,0,37
74,0,37,111
0,74,0,74
148,0,74,222
0,30,0,30
60,0,30,90
0,60,0,60
120,0,60,180
0,120,0,120
240,0,120,360
0,48,0,48
96,0,48,144
0,96,0,96
192,0,96,288
0,38,0,38
76,0,38,114
0,76,0,76
152,0,76,228
0,30,0,30
60,0,30,90
0,60,0,60
120,0,60,180
0,120,0,120
240,0,120,360
0,288,0,288
576,0,288,864
0,115,0,115
230,0,115,345
0,46,0,46
92,0,46,138
0,92,0,92
184,0,92,276
0,37,0,37
74,0,37,111
0,74,0,74
148,0,74,222
0,30,0,30
60,0,30,90
0,60,0,60
120,0,60,180
0,120,0,120
240,0,120,360
0,288,0,288
576,0,288,864
0,115,0,115
230,0,115,345
0,46,0,46
92,0,46,138
0,92,0,92
184,0,92,276
0,37,0,37
74,0,37,111
0,74,0,74
148,0,74,222
0,178,0,178
356,0,178,534
0,427,0,427
854,0,427,1281
0,171,0,171
342,0,171,513
0,68,0,68
136,0,68,204
0,27,0,27
54,0,27,81
0,54,0,54
108,0,54,162
0,108,0,108
216,0,108,324
0,43,0,43
86,0,43,129
0,86,0,86
172,0,86,258
0,34,0,34
68,0,34,102
0,68,0,68
136,0,68,204
0,163,0,163
326,0,163,489
0,65,0,65
130,0,65,195
0,130,0,130
260,0,130,390
0,312,0,312
624,0,312,936
0,749,0,749
1498,0,749,2247
0,1798,0,1798
3596,0,1798,5394
0,719,0,719
1438,0,719,2157
0,288,0,288
576,0,288,864
0,115,0,115
230,0,115,345
0,276,0,276
552,0,276,828
0,662,0,662
1324,0,662,1986
0,1589,0,1589
3178,0,1589,4767
0,636,0,636
1272,0,636,1908
0,254,0,254
508,0,254,762
0,102,0,102
204,0,102,306
0,245,0,245
490,0,245,735
0,98,0,98
196,0,98,294
0,235,0,235
470,0,235,705
0,94,0,94
188,0,94,282
0,226,0,226
452,0,226,678
0,90,0,90
180,0,90,270
0,36,0,36
72,0,36,108
0,72,0,72
144,0,72,216
0,29,0,29
58,0,29,87
0,58,0,58
116,0,58,174
0,116,0,116
232,0,116,348
0,46,0,46
92,0,46,138
0,92,0,92
184,0,92,276
0,221,0,221
442,0,221,663
0,530,0,530
1060,0,530,1590
0,1272,0,1272
2544,0,1272,3816
0,509,0,509
1018,0,509,1527
0,1222,0,1222
2444,0,1222,3666
0,489,0,489
978,0,489,1467
0,196,0,196
392,0,196,588
0,78,0,78
156,0,78,234
0,31,0,31
62,0,31,93
0,62,0,62
124,0,62,186
0,124,0,124
248,0,124,372
0,50,0,50
100,0,50,150
0,100,0,100
200,0,100,300
0,240,0,240
480,0,240,720
0,96,0,96
192,0,96,288
0,38,0,38
76,0,38,114
0,76,0,76
152,0,76,228
0,30,0,30
60,0,30,90
0,60,0,60
120,0,60,180
0,120,0,120
240,0,120,360
0,48,0,48
96,0,48,144
0,96,0,96
192,0,96,288
0,38,0,38
76,0,38,114
0,76,0,76
152,0,76,228
0,30,0,30
60,0,30,90
0,60,0,60
120,0,60,180
0,120,0,120
240,0,120,360
0,48,0,48
96,0,48,144
0,96,0,96
192,0,96,288
0,38,0,38
76,0,38,114
0,76,0,76
152,0,76,228
0,30,0,30
60,0,30,90
0,60,0,60
120,0,60,180
0,120,0,120
240,0,120,360
0,288,0,288
576,0,288,864
0,691,0,691
1382,0,691,2073
0,276,0,276
552,0,276,828
0,110,0,110
220,0,110,330
0,44,0,44
88,0,44,132
0,88,0,88
176,0,88,264
0,35,0,35
70,0,35,105
0,70,0,70
140,0,70,210
0,28,0,28
56,0,28,84
0,56,0,56
112,0,56,168
0,112,0,112
224,0,112,336
0,269,0,269
538,0,269,807
0,108,0,108
216,0,108,324
0,43,0,43
86,0,43,129
0,86,0,86
172,0,86,258
0,206,0,206
412,0,206,618
0,494,0,494
988,0,494,1482
0,198,0,198
396,0,198,594
0,79,0,79
158,0,79,237
0,32,0,32
64,0,32,96
0,64,0,64
128,0,64,192
0,128,0,128
256,0,128,384
0,51,0,51
102,0,51,153
0,102,0,102
204,0,102,306
0,41,0,41
82,0,41,123
0,82,0,82
164,0,82,246
0,197,0,197
394,0,197,591
0,79,0,79
158,0,79,237
0,32,0,32
64,0,32,96
0,64,0,64
128,0,64,192
0,128,0,128
256,0,128,384
0,51,0,51
102,0,51,153
0,102,0,102
204,0,102,306
0,41,0,41
82,0,41,123
0,82,0,82
164,0,82,246
0,33,0,33
66,0,33,99
0,66,0,66
132,0,66,198
0,132,0,132
264,0,132,396
0,317,0,317
634,0,317,951
0,127,0,127
254,0,127,381
0,51,0,51
102,0,51,153
0,102,0,102
204,0,102,306
0,41,0,41
82,0,41,123
0,82,0,82
164,0,82,246
0,197,0,197
394,0,197,591
0,79,0,79
158,0,79,237
0,32,0,32
64,0,32,96
0,64,0,64
128,0,64,192
0,128,0,128
256,0,128,384
0,51,0,51
102,0,51,153
0,102,0,102
204,0,102,306
0,245,0,245
490,0,245,735
0,98,0,98
196,0,98,294
0,39,0,39
78,0,39,117
0,78,0,78
156,0,78,234
0,31,0,31
62,0,31,93
0,62,0,62
124,0,62,186
0,124,0,124
248,0,124,372
0,50,0,50
100,0,50,150
0,100,0,100
200,0,100,300
0,240,0,240
480,0,240,720
0,96,0,96
192,0,96,288
0,38,0,38
76,0,38,114
0,76,0,76
152,0,76,228
0,182,0,182
364,0,182,546
0,73,0,73
146,0,73,219
0,175,0,175
350,0,175,525
0,70,0,70
140,0,70,210
0,168,0,168
336,0,168,504
0,403,0,403
806,0,403,1209
0,161,0,161
322,0,161,483
0,64,0,64
128,0,64,192
0,128,0,128
256,0,128,384
0,307,0,307
614,0,307,921
0,123,0,123
246,0,123,369
0,49,0,49
98,0,49,147
0,98,0,98
196,0,98,294
0,39,0,39
78,0,39,117
0,78,0,78
156,0,78,234
0,31,0,31
62,0,31,93
0,62,0,62
124,0,62,186
0,124,0,124
248,0,124,372
0,50,0,50
100,0,50,150
0,100,0,100
200,0,100,300
0,240,0,240
480,0,240,720
0,96,0,96
192,0,96,288
0,38,0,38
76,0,38,114
0,76,0,76
152,0,76,228
0,30,0,30
60,0,30,90
0,60,0,60
120,0,60,180
0,120,0,120
240,0,120,360
0,48,0,48
96,0,48,144
0,96,0,96
192,0,96,288
0,230,0,230
460,0,230,690
0,92,0,92
184,0,92,276
0,37,0,37
74,0,37,111
0,74,0,74
148,0,74,222
0,178,0,178
356,0,178,534
0,71,0,71
142,0,71,213
0,28,0,28
56,0,28,84
0,56,0,56
112,0,56,168
0,112,0,112
224,0,112,336
0,45,0,45
90,0,45,135
0,90,0,90
180,0,90,270
0,36,0,36
72,0,36,108
0,72,0,72
144,0,72,216
0,29,0,29
58,0,29,87
0,58,0,58
116,0,58,174
0,116,0,116
232,0,116,348
0,278,0,278
556,0,278,834
0,111,0,111
222,0,111,333
0,44,0,44
88,0,44,132
0,88,0,88
176,0,88,264
0,211,0,211
422,0,211,633
0,84,0,84
168,0,84,252
0,34,0,34
68,0,34,102
0,68,0,68
136,0,68,204
0,27,0,27
54,0,27,81
0,54,0,54
108,0,54,162
0,108,0,108
216,0,108,324
0,43,0,43
86,0,43,129
0,86,0,86
172,0,86,258
0,206,0,206
412,0,206,618
0,82,0,82
164,0,82,246
0,197,0,197
394,0,197,591
0,79,0,79
158,0,79,237
0,32,0,32
64,0,32,96
0,64,0,64
128,0,64,192
0,128,0,128
256,0,128,384
0,51,0,51
102,0,51,153
0,102,0,102
204,0,102,306
0,41,0,41
82,0,41,123
0,82,0,82
164,0,82,246
0,33,0,33
66,0,33,99
0,66,0,66
132,0,66,198
0,132,0,132
264,0,132,396
0,317,0,317
634,0,317,951
0,127,0,127
254,0,127,381
0,51,0,51
102,0,51,153
0,102,0,102
204,0,102,306
0,41,0,41
82,0,41,123
0,82,0,82
164,0,82,246
0,33,0,33
66,0,33,99
0,66,0,66
132,0,66,198
0,132,0,132
264,0,132,396
0,53,0,53
106,0,53,159
0,106,0,106
212,0,106,318
0,42,0,42
84,0,42,126
0,84,0,84
168,0,84,252
0,34,0,34
68,0,34,102
0,68,0,68
136,0,68,204
0,27,0,27
54,0,27,81
0,54,0,54
108,0,54,162
0,108,0,108
216,0,108,324
0,43,0,43
86,0,43,129
0,86,0,86
172,0,86,258
0,34,0,34
68,0,34,102
0,68,0,68
136,0,68,204
0,27,0,27
54,0,27,81
0,54,0,54
108,0,54,162
0,108,0,108
216,0,108,324
0,43,0,43
86,0,43,129
0,86,0,86
172,0,86,258
0,206,0,206
412,0,206,618
0,82,0,82
164,0,82,246
0,33,0,33
66,0,33,99
0,66,0,66
132,0,66,198
0,132,0,132
264,0,132,396
0,317,0,317
634,0,317,951
0,127,0,127
254,0,127,381
0,51,0,51
102,0,51,153
0,102,0,102
204,0,102,306
0,41,0,41
82,0,41,123
0,82,0,82
164,0,82,246
0,33,0,33
66,0,33,99
0,66,0,66
132,0,66,198
0,132,0,132
264,0,132,396
0,53,0,53
106,0,53,159
0,106,0,106
212,0,106,318
0,42,0,42
84,0,42,126
0,84,0,84
168,0,84,252
0,34,0,34
68,0,34,102
0,68,0,68
136,0,68,204
0,27,0,27
54,0,27,81
0,54,0,54
108,0,54,162
0,108,0,108
216,0,108,324
0,43,0,43
86,0,43,129
0,86,0,86
172,0,86,258
0,206,0,206
412,0,206,618
0,82,0,82
164,0,82,246
0,33,0,33
66,0,33,99
0,66,0,66
132,0,66,198
0,132,0,132
264,0,132,396
0,53,0,53
106,0,53,159
0,106,0,106
212,0,106,318
0,42,0,42
84,0,42,126
0,84,0,84
168,0,84,252
0,34,0,34
68,0,34,102
0,68,0,68
136,0,68,204
0,27,0,27
54,0,27,81
0,54,0,54
108,0,54,162
0,108,0,108
216,0,108,324
0,43,0,43
86,0,43,129
0,86,0,86
172,0,86,258
0,34,0,34
68,0,34,102
0,68,0,68
136,0,68,204
0,163,0,163
326,0,163,489
0,65,0,65
130,0,65,195
0,130,0,130
260,0,130,390
0,52,0,52
104,0,52,156
0,104,0,104
208,0,104,312
0,42,0,42
84,0,42,126
0,84,0,84
168,0,84,252
0,34,0,34
68,0,34,102
0,68,0,68
136,0,68,204
0,27,0,27
54,0,27,81
0,54,0,54
108,0,54,162
0,108,0,108
216,0,108,324
0,43,0,43
86,0,43,129
0,86,0,86
172,0,86,258
0,34,0,34
68,0,34,102
0,68,0,68
136,0,68,204
0,27,0,27
54,0,27,81
0,54,0,54
108,0,54,162
0,108,0,108
216,0,108,324
0,43,0,43
86,0,43,129
0,86,0,86
172,0,86,258
0,34,0,34
68,0,34,102
0,68,0,68
136,0,68,204
0,27,0,27
54,0,27,81
0,54,0,54
108,0,54,162
0,108,0,108
216,0,108,324
0,43,0,43
86,0,43,129
0,86,0,86
172,0,86,258
0,206,0,206
412,0,206,618
0,82,0,82
164,0,82,246
0,197,0,197
394,0,197,591
0,79,0,79
158,0,79,237
0,32,0,32
64,0,32,96
0,64,0,64
128,0,64,192
0,128,0,128
256,0,128,384
0,51,0,51
102,0,51,153
0,102,0,102
204,0,102,306
0,41,0,41
82,0,41,123
0,82,0,82
164,0,82,246
0,33,0,33
66,0,33,99
0,66,0,66
132,0,66,198
0,132,0,132
264,0,132,396
0,53,0,53
106,0,53,159
0,106,0,106
212,0,106,318
0,254,0,254
508,0,254,762
0,102,0,102
204,0,102,306
0,41,0,41
82,0,41,123
0,82,0,82
164,0,82,246
0,33,0,33
66,0,33,99
0,66,0,66
132,0,66,198
0,132,0,132
264,0,132,396
0,53,0,53
106,0,53,159
0,106,0,106
212,0,106,318
0,42,0,42
84,0,42,126
0,84,0,84
168,0,84,252
0,34,0,34
68,0,34,102
0,68,0,68
136,0,68,204
0,27,0,27
54,0,27,81
0,54,0,54
108,0,54,162
0,108,0,108
216,0,108,324
0,259,0,259
518,0,259,777
0,104,0,104
208,0,104,312
0,42,0,42
84,0,42,126
0,84,0,84
168,0,84,252
0,34,0,34
68,0,34,102
0,68,0,68
136,0,68,204
0,27,0,27
54,0,27,81
0,54,0,54
108,0,54,162
0,108,0,108
216,0,108,324
0,43,0,43
86,0,43,129
0,86,0,86
172,0,86,258
0,34,0,34
68,0,34,102
0,68,0,68
136,0,68,204
0,27,0,27
54,0,27,81
0,54,0,54
108,0,54,162
0,108,0,108
216,0,108,324
0,259,0,259
518,0,259,777
0,104,0,104
208,0,104,312
0,42,0,42
84,0,42,126
0,84,0,84
168,0,84,252
0,34,0,34
68,0,34,102
0,68,0,68
136,0,68,204
0,27,0,27
54,0,27,81
0,54,0,54
108,0,54,162
0,108,0,108
216,0,108,324
0,43,0,43
86,0,43,129
0,86,0,86
172,0,86,258
0,206,0,206
412,0,206,618
0,82,0,82
164,0,82,246
0,33,0,33
66,0,33,99
0,66,0,66
132,0,66,198
0,132,0,132
264,0,132,396
0,53,0,53
106,0,53,159
0,106,0,106
212,0,106,318
0,42,0,42
84,0,42,126
0,84,0,84
168,0,84,252
0,34,0,34
68,0,34,102
0,68,0,68
136,0,68,204
0,27,0,27
54,0,27,81
0,54,0,54
108,0,54,162
0,108,0,108
216,0,108,324
0,43,0,43
86,0,43,129
0,86,0,86
172,0,86,258
0,34,0,34
68,0,34,102
0,68,0,68
136,0,68,204
0,27,0,27
54,0,27,81
0,54,0,54
108,0,54,162
0,108,0,108
216,0,108,324
0,259,0,259
518,0,259,777
0,104,0,104
208,0,104,312
0,42,0,42
84,0,42,126
0,84,0,84
168,0,84,252
0,34,0,34
68,0,34,102
0,68,0,68
136,0,68,204
0,163,0,163
326,0,163,489
0,65,0,65
130,0,65,195
0,130,0,130
260,0,130,390
0,312,0,312
624,0,312,936
0,125,0,125
250,0,125,375
0,300,0,300
600,0,300,900
0,120,0,120
240,0,120,360
0,48,0,48
96,0,48,144
0,96,0,96
192,0,96,288
0,38,0,38
76,0,38,114
0,76,0,76
152,0,76,228
0,30,0,30
60,0,30,90
0,60,0,60
120,0,60,180
0,120,0,120
240,0,120,360
0,48,0,48
96,0,48,144
0,96,0,96
192,0,96,288
0,38,0,38
76,0,38,114
0,76,0,76
152,0,76,228
0,30,0,30
60,0,30,90
0,60,0,60
120,0,60,180
0,120,0,120
240,0,120,360
0,48,0,48
96,0,48,144
0,96,0,96
192,0,96,288
0,38,0,38
76,0,38,114
0,76,0,76
152,0,76,228
0,30,0,30
60,0,30,90
0,60,0,60
120,0,60,180
0,120,0,120
240,0,120,360
0,48,0,48
96,0,48,144
0,96,0,96
192,0,96,288
0,38,0,38
76,0,38,114
0,76,0,76
152,0,76,228
0,30,0,30
60,0,30,90
0,60,0,60
120,0,60,180
0,120,0,120
240,0,120,360
0,288,0,288
576,0,288,864
0,115,0,115
230,0,115,345
0,46,0,46
92,0,46,138
0,92,0,92
184,0,92,276
0,37,0,37
74,0,37,111
0,74,0,74
148,0,74,222
0,30,0,30
60,0,30,90
0,60,0,60
120,0,60,180
0,120,0,120
240,0,120,360
0,288,0,288
576,0,288,864
0,115,0,115
230,0,115,345
0,46,0,46
92,0,46,138
0,92,0,92
184,0,92,276
0,221,0,221
442,0,221,663
0,530,0,530
1060,0,530,1590
0,212,0,212
424,0,212,636
0,85,0,85
170,0,85,255
0,34,0,34
68,0,34,102
0,68,0,68
136,0,68,204
0,27,0,27
54,0,27,81
0,54,0,54
108,0,54,162
0,108,0,108
216,0,108,324
0,43,0,43
86,0,43,129
0,86,0,86
172,0,86,258
0,34,0,34
68,0,34,102
0,68,0,68
136,0,68,204
0,27,0,27
54,0,27,81
0,54,0,54
108,0,54,162
0,108,0,108
216,0,108,324
0,43,0,43
86,0,43,129
0,86,0,86
172,0,86,258
0,34,0,34
68,0,34,102
0,68,0,68
136,0,68,204
0,27,0,27
54,0,27,81
0,54,0,54
108,0,54,162
0,108,0,108
216,0,108,324
0,259,0,259
518,0,259,777
0,622,0,622
1244,0,622,1866
0,249,0,249
498,0,249,747
0,100,0,100
200,0,100,300
0,40,0,40
80,0,40,120
0,80,0,80
160,0,80,240
0,192,0,192
384,0,192,576
0,77,0,77
154,0,77,231
0,31,0,31
62,0,31,93
0,62,0,62
124,0,62,186
0,124,0,124
248,0,124,372
0,50,0,50
100,0,50,150
0,100,0,100
200,0,100,300
0,240,0,240
480,0,240,720
0,96,0,96
192,0,96,288
0,230,0,230
460,0,230,690
0,92,0,92
184,0,92,276
0,37,0,37
74,0,37,111
0,74,0,74
148,0,74,222
0,178,0,178
356,0,178,534
0,71,0,71
142,0,71,213
0,28,0,28
56,0,28,84
0,56,0,56
112,0,56,168
0,112,0,112
224,0,112,336
0,45,0,45
90,0,45,135
0,90,0,90
180,0,90,270
0,36,0,36
72,0,36,108
0,72,0,72
144,0,72,216
0,29,0,29
58,0,29,87
0,58,0,58
116,0,58,174
0,116,0,116
232,0,116,348
0,46,0,46
92,0,46,138
0,92,0,92
184,0,92,276
0,37,0,37
74,0,37,111
0,74,0,74
148,0,74,222
0,178,0,178
356,0,178,534
0,71,0,71
142,0,71,213
0,170,0,170
340,0,170,510
0,68,0,68
136,0,68,204
0,163,0,163
326,0,163,489
0,391,0,391
782,0,391,1173
0,938,0,938
1876,0,938,2814
0,375,0,375
750,0,375,1125
0,150,0,150
300,0,150,450
0,60,0,60
120,0,60,180
0,120,0,120
240,0,120,360
0,288,0,288
576,0,288,864
0,691,0,691
1382,0,691,2073
0,276,0,276
552,0,276,828
0,110,0,110
220,0,110,330
0,44,0,44
88,0,44,132
0,88,0,88
176,0,88,264
0,35,0,35
70,0,35,105
0,70,0,70
140,0,70,210
0,168,0,168
336,0,168,504
0,67,0,67
134,0,67,201
0,161,0,161
322,0,161,483
0,64,0,64
128,0,64,192
0,128,0,128
256,0,128,384
0,51,0,51
102,0,51,153
0,102,0,102
204,0,102,306
0,41,0,41
82,0,41,123
0,82,0,82
164,0,82,246
0,197,0,197
394,0,197,591
0,79,0,79
158,0,79,237
0,190,0,190
380,0,190,570
0,76,0,76
152,0,76,228
0,30,0,30
60,0,30,90
0,60,0,60
120,0,60,180
0,120,0,120
240,0,120,360
0,48,0,48
96,0,48,144
0,96,0,96
192,0,96,288
0,38,0,38
76,0,38,114
0,76,0,76
152,0,76,228
0,30,0,30
60,0,30,90
0,60,0,60
120,0,60,180
0,120,0,120
240,0,120,360
0,48,0,48
96,0,48,144
0,96,0,96
192,0,96,288
0,38,0,38
76,0,38,114
0,76,0,76
152,0,76,228
0,30,0,30
60,0,30,90
0,60,0,60
120,0,60,180
0,120,0,120
240,0,120,360
0,288,0,288
576,0,288,864
0,115,0,115
230,0,115,345
0,46,0,46
92,0,46,138
0,92,0,92
184,0,92,276
0,37,0,37
74,0,37,111
0,74,0,74
148,0,74,222
0,178,0,178
356,0,178,534
0,427,0,427
854,0,427,1281
0,1025,0,1025
2050,0,1025,3075
0,410,0,410
820,0,410,1230
0,164,0,164
328,0,164,492
0,394,0,394
788,0,394,1182
0,158,0,158
316,0,158,474
0,63,0,63
126,0,63,189
0,126,0,126
252,0,126,378
0,302,0,302
604,0,302,906
0,121,0,121
242,0,121,363
0,290,0,290
580,0,290,870
0,116,0,116
232,0,116,348
0,46,0,46
92,0,46,138
0,92,0,92
184,0,92,276
0,37,0,37
74,0,37,111
0,74,0,74
148,0,74,222
0,30,0,30
60,0,30,90
0,60,0,60
120,0,60,180
0,120,0,120
240,0,120,360
0,48,0,48
96,0,48,144
0,96,0,96
192,0,96,288
0,230,0,230
460,0,230,690
0,92,0,92
184,0,92,276
0,37,0,37
74,0,37,111
0,74,0,74
148,0,74,222
0,30,0,30
60,0,30,90
0,60,0,60
120,0,60,180
0,120,0,120
240,0,120,360
0,48,0,48
96,0,48,144
0,96,0,96
192,0,96,288
0,38,0,38
76,0,38,114
0,76,0,76
152,0,76,228
0,30,0,30
60,0,30,90
0,60,0,60
120,0,60,180
0,120,0,120
240,0,120,360
0,48,0,48
96,0,48,144
0,96,0,96
192,0,96,288
0,38,0,38
76,0,38,114
0,76,0,76
152,0,76,228
0,30,0,30
60,0,30,90
0,60,0,60
120,0,60,180
0,120,0,120
240,0,120,360
0,48,0,48
96,0,48,144
0,96,0,96
192,0,96,288
0,38,0,38
76,0,38,114
0,76,0,76
152,0,76,228
0,30,0,30
60,0,30,90
0,60,0,60
120,0,60,180
0,120,0,120
240,0,120,360
0,48,0,48
96,0,48,144
0,96,0,96
192,0,96,288
0,230,0,230
460,0,230,690
0,92,0,92
184,0,92,276
0,37,0,37
74,0,37,111
0,74,0,74
148,0,74,222
0,30,0,30
60,0,30,90
0,60,0,60
120,0,60,180
0,120,0,120
240,0,120,360
0,288,0,288
576,0,288,864
0,115,0,115
230,0,115,345
0,46,0,46
92,0,46,138
0,92,0,92
184,0,92,276
0,37,0,37
74,0,37,111
0,74,0,74
148,0,74,222
0,30,0,30
60,0,30,90
0,60,0,60
120,0,60,180
0,120,0,120
240,0,120,360
0,48,0,48
96,0,48,144
0,96,0,96
192,0,96,288
0,38,0,38
76,0,38,114
0,76,0,76
152,0,76,228
0,30,0,30
60,0,30,90
0,60,0,60
120,0,60,180
0,120,0,120
240,0,120,360
0,48,0,48
96,0,48,144
0,96,0,96
192,0,96,288
0,230,0,230
460,0,230,690
0,92,0,92
184,0,92,276
0,37,0,37
74,0,37,111
0,74,0,74
148,0,74,222
0,178,0,178
356,0,178,534
0,71,0,71
142,0,71,213
0,28,0,28
56,0,28,84
0,56,0,56
112,0,56,168
0,112,0,112
224,0,112,336
0,269,0,269
538,0,269,807
0,108,0,108
216,0,108,324
0,43,0,43
86,0,43,129
0,86,0,86
172,0,86,258
0,34,0,34
68,0,34,102
0,68,0,68
136,0,68,204
0,27,0,27
54,0,27,81
0,54,0,54
108,0,54,162
0,108,0,108
216,0,108,324
0,43,0,43
86,0,43,129
0,86,0,86
172,0,86,258
0,206,0,206
412,0,206,618
0,82,0,82
164,0,82,246
0,33,0,33
66,0,33,99
0,66,0,66
132,0,66,198
0,132,0,132
264,0,132,396
0,317,0,317
634,0,317,951
0,127,0,127
254,0,127,381
0,305,0,305
610,0,305,915
0,732,0,732
1464,0,732,2196
0,293,0,293
586,0,293,879
0,117,0,117
234,0,117,351
0,47,0,47
94,0,47,141
0,94,0,94
188,0,94,282
0,38,0,38
76,0,38,114
0,76,0,76
152,0,76,228
0,30,0,30
60,0,30,90
0,60,0,60
120,0,60,180
0,120,0,120
240,0,120,360
0,48,0,48
96,0,48,144
0,96,0,96
192,0,96,288
0,38,0,38
76,0,38,114
0,76,0,76
152,0,76,228
0,30,0,30
60,0,30,90
0,60,0,60
120,0,60,180
0,120,0,120
240,0,120,360
0,288,0,288
576,0,288,864
0,115,0,115
230,0,115,345
0,46,0,46
92,0,46,138
0,92,0,92
184,0,92,276
0,221,0,221
442,0,221,663
0,88,0,88
176,0,88,264
0,35,0,35
70,0,35,105
0,70,0,70
140,0,70,210
0,28,0,28
56,0,28,84
0,56,0,56
112,0,56,168
0,112,0,112
224,0,112,336
0,45,0,45
90,0,45,135
0,90,0,90
180,0,90,270
0,36,0,36
72,0,36,108
0,72,0,72
144,0,72,216
0,29,0,29
58,0,29,87
0,58,0,58
116,0,58,174
0,116,0,116
232,0,116,348
0,46,0,46
92,0,46,138
0,92,0,92
184,0,92,276
0,37,0,37
74,0,37,111
0,74,0,74
148,0,74,222
0,30,0,30
60,0,30,90
0,60,0,60
120,0,60,180
0,120,0,120
240,0,120,360
0,288,0,288
576,0,288,864
0,115,0,115
230,0,115,345
0,46,0,46
92,0,46,138
0,92,0,92
184,0,92,276
0,221,0,221
442,0,221,663
0,88,0,88
176,0,88,264
0,211,0,211
422,0,211,633
0,506,0,506
1012,0,506,1518
0,202,0,202
404,0,202,606
0,81,0,81
162,0,81,243
0,194,0,194
388,0,194,582
0,78,0,78
156,0,78,234
0,31,0,31
62,0,31,93
0,62,0,62
124,0,62,186
0,124,0,124
248,0,124,372
0,50,0,50
100,0,50,150
0,100,0,100
200,0,100,300
0,40,0,40
80,0,40,120
0,80,0,80
160,0,80,240
0,32,0,32
64,0,32,96
0,64,0,64
128,0,64,192
0,128,0,128
256,0,128,384
0,51,0,51
102,0,51,153
0,102,0,102
204,0,102,306
0,41,0,41
82,0,41,123
0,82,0,82
164,0,82,246
0,33,0,33
66,0,33,99
0,66,0,66
132,0,66,198
0,132,0,132
264,0,132,396
0,53,0,53
106,0,53,159
0,106,0,106
212,0,106,318
0,42,0,42
84,0,42,126
0,84,0,84
168,0,84,252
0,34,0,34
68,0,34,102
0,68,0,68
136,0,68,204
0,27,0,27
54,0,27,81
0,54,0,54
108,0,54,162
0,108,0,108
216,0,108,324
0,43,0,43
86,0,43,129
0,86,0,86
172,0,86,258
0,34,0,34
68,0,34,102
0,68,0,68
136,0,68,204
0,27,0,27
54,0,27,81
0,54,0,54
108,0,54,162
0,108,0,108
216,0,108,324
0,43,0,43
86,0,43,129
0,86,0,86
172,0,86,258
0,34,0,34
68,0,34,102
0,68,0,68
136,0,68,204
0,27,0,27
54,0,27,81
0,54,0,54
108,0,54,162
0,108,0,108
216,0,108,324
0,43,0,43
86,0,43,129
0,86,0,86
172,0,86,258
0,206,0,206
412,0,206,618
0,494,0,494
988,0,494,1482
0,1186,0,1186
2372,0,1186,3558
0,2846,0,2846
5692,0,2846,8538
0,1138,0,1138
2276,0,1138,3414
0,455,0,455
910,0,455,1365
0,1092,0,1092
2184,0,1092,3276
0,437,0,437
874,0,437,1311
0,1049,0,1049
2098,0,1049,3147
0,420,0,420
840,0,420,1260
0,1008,0,1008
2016,0,1008,3024
0,403,0,403
806,0,403,1209
0,967,0,967
1934,0,967,2901
0,387,0,387
774,0,387,1161
0,929,0,929
1858,0,929,2787
0,372,0,372
744,0,372,1116
0,893,0,893
1786,0,893,2679
0,357,0,357
714,0,357,1071
0,143,0,143
286,0,143,429
0,57,0,57
114,0,57,171
0,114,0,114
228,0,114,342
0,46,0,46
92,0,46,138
0,92,0,92
184,0,92,276
0,37,0,37
74,0,37,111
0,74,0,74
148,0,74,222
0,30,0,30
60,0,30,90
0,60,0,60
120,0,60,180
0,120,0,120
240,0,120,360
0,48,0,48
96,0,48,144
0,96,0,96
192,0,96,288
0,230,0,230
460,0,230,690
0,552,0,552
1104,0,552,1656
0,221,0,221
442,0,221,663
0,88,0,88
176,0,88,264
0,35,0,35
70,0,35,105
0,70,0,70
140,0,70,210
0,28,0,28
56,0,28,84
0,56,0,56
112,0,56,168
0,112,0,112
224,0,112,336
0,45,0,45
90,0,45,135
0,90,0,90
180,0,90,270
0,36,0,36
72,0,36,108
0,72,0,72
144,0,72,216
0,29,0,29
58,0,29,87
0,58,0,58
116,0,58,174
0,116,0,116
232,0,116,348
0,278,0,278
556,0,278,834
0,111,0,111
222,0,111,333
0,44,0,44
88,0,44,132
0,88,0,88
176,0,88,264
0,35,0,35
70,0,35,105
0,70,0,70
140,0,70,210
0,168,0,168
336,0,168,504
0,67,0,67
134,0,67,201
0,27,0,27
54,0,27,81
0,54,0,54
108,0,54,162
0,108,0,108
216,0,108,324
0,43,0,43
86,0,43,129
0,86,0,86
172,0,86,258
0,206,0,206
412,0,206,618
0,82,0,82
164,0,82,246
0,33,0,33
66,0,33,99
0,66,0,66
132,0,66,198
0,132,0,132
264,0,132,396
0,53,0,53
106,0,53,159
0,106,0,106
212,0,106,318
0,42,0,42
84,0,42,126
0,84,0,84
168,0,84,252
0,34,0,34
68,0,34,102
0,68,0,68
136,0,68,204
0,27,0,27
54,0,27,81
0,54,0,54
108,0,54,162
0,108,0,108
216,0,108,324
0,259,0,259
518,0,259,777
0,104,0,104
208,0,104,312
0,250,0,250
500,0,250,750
0,100,0,100
200,0,100,300
0,40,0,40
80,0,40,120
0,80,0,80
160,0,80,240
0,32,0,32
64,0,32,96
0,64,0,64
128,0,64,192
0,128,0,128
256,0,128,384
0,51,0,51
102,0,51,153
0,102,0,102
204,0,102,306
0,41,0,41
82,0,41,123
0,82,0,82
164,0,82,246
0,197,0,197
394,0,197,591
0,79,0,79
158,0,79,237
0,190,0,190
380,0,190,570
0,76,0,76
152,0,76,228
0,30,0,30
60,0,30,90
0,60,0,60
120,0,60,180
0,120,0,120
240,0,120,360
0,48,0,48
96,0,48,144
0,96,0,96
192,0,96,288
0,38,0,38
76,0,38,114
0,76,0,76
152,0,76,228
0,30,0,30
60,0,30,90
0,60,0,60
120,0,60,180
0,120,0,120
240,0,120,360
0,288,0,288
576,0,288,864
0,115,0,115
230,0,115,345
0,46,0,46
92,0,46,138
0,92,0,92
184,0,92,276
0,37,0,37
74,0,37,111
0,74,0,74
148,0,74,222
0,178,0,178
356,0,178,534
0,71,0,71
142,0,71,213
0,28,0,28
56,0,28,84
0,56,0,56
112,0,56,168
0,112,0,112
224,0,112,336
0,269,0,269
538,0,269,807
0,646,0,646
1292,0,646,1938
0,258,0,258
516,0,258,774
0,103,0,103
206,0,103,309
0,247,0,247
494,0,247,741
0,99,0,99
198,0,99,297
0,40,0,40
80,0,40,120
0,80,0,80
160,0,80,240
0,32,0,32
64,0,32,96
0,64,0,64
128,0,64,192
0,128,0,128
256,0,128,384
0,51,0,51
102,0,51,153
0,102,0,102
204,0,102,306
0,41,0,41
82,0,41,123
0,82,0,82
164,0,82,246
0,33,0,33
66,0,33,99
0,66,0,66
132,0,66,198
0,132,0,132
264,0,132,396
0,53,0,53
106,0,53,159
0,106,0,106
212,0,106,318
0,42,0,42
84,0,42,126
0,84,0,84
168,0,84,252
0,34,0,34
68,0,34,102
0,68,0,68
136,0,68,204
0,27,0,27
54,0,27,81
0,54,0,54
108,0,54,162
0,108,0,108
216,0,108,324
0,259,0,259
518,0,259,777
0,104,0,104
208,0,104,312
0,42,0,42
84,0,42,126
0,84,0,84
168,0,84,252
0,202,0,202
404,0,202,606
0,81,0,81
162,0,81,243
0,32,0,32
64,0,32,96
0,64,0,64
128,0,64,192
0,128,0,128
256,0,128,384
0,51,0,51
102,0,51,153
0,102,0,102
204,0,102,306
0,41,0,41
82,0,41,123
0,82,0,82
164,0,82,246
0,33,0,33
66,0,33,99
0,66,0,66
132,0,66,198
0,132,0,132
264,0,132,396
0,53,0,53
106,0,53,159
0,106,0,106
212,0,106,318
0,42,0,42
84,0,42,126
0,84,0,84
168,0,84,252
0,34,0,34
68,0,34,102
0,68,0,68
136,0,68,204
0,27,0,27
54,0,27,81
0,54,0,54
108,0,54,162
0,108,0,108
216,0,108,324
0,43,0,43
86,0,43,129
0,86,0,86
172,0,86,258
0,34,0,34
68,0,34,102
0,68,0,68
136,0,68,204
0,163,0,163
326,0,163,489
0,391,0,391
782,0,391,1173
0,938,0,938
1876,0,938,2814
0,375,0,375
750,0,375,1125
0,150,0,150
300,0,150,450
0,60,0,60
120,0,60,180
0,120,0,120
240,0,120,360
0,48,0,48
96,0,48,144
0,96,0,96
192,0,96,288
0,38,0,38
76,0,38,114
0,76,0,76
152,0,76,228
0,182,0,182
364,0,182,546
0,73,0,73
146,0,73,219
0,29,0,29
58,0,29,87
0,58,0,58
116,0,58,174
0,116,0,116
232,0,116,348
0,46,0,46
92,0,46,138
0,92,0,92
184,0,92,276
0,37,0,37
74,0,37,111
0,74,0,74
148,0,74,222
0,178,0,178
356,0,178,534
0,427,0,427
854,0,427,1281
0,171,0,171
342,0,171,513
0,68,0,68
136,0,68,204
0,27,0,27
54,0,27,81
0,54,0,54
108,0,54,162
0,108,0,108
216,0,108,324
0,43,0,43
86,0,43,129
0,86,0,86
172,0,86,258
0,34,0,34
68,0,34,102
0,68,0,68
136,0,68,204
0,27,0,27
54,0,27,81
0,54,0,54
108,0,54,162
0,108,0,108
216,0,108,324
0,43,0,43
86,0,43,129
0,86,0,86
172,0,86,258
0,34,0,34
68,0,34,102
0,68,0,68
136,0,68,204
0,27,0,27
54,0,27,81
0,54,0,54
108,0,54,162
0,108,0,108
216,0,108,324
0,43,0,43
86,0,43,129
0,86,0,86
172,0,86,258
0,34,0,34
68,0,34,102
0,68,0,68
136,0,68,204
0,163,0,163
326,0,163,489
0,391,0,391
782,0,391,1173
0,156,0,156
312,0,156,468
0,374,0,374
748,0,374,1122
0,150,0,150
300,0,150,450
0,360,0,360
720,0,360,1080
0,144,0,144
288,0,144,432
0,58,0,58
116,0,58,174
0,116,0,116
232,0,116,348
0,46,0,46
92,0,46,138
0,92,0,92
184,0,92,276
0,37,0,37
74,0,37,111
0,74,0,74
148,0,74,222
0,30,0,30
60,0,30,90
0,60,0,60
120,0,60,180
0,120,0,120
240,0,120,360
0,48,0,48
96,0,48,144
0,96,0,96
192,0,96,288
0,38,0,38
76,0,38,114
0,76,0,76
152,0,76,228
0,30,0,30
60,0,30,90
0,60,0,60
120,0,60,180
0,120,0,120
240,0,120,360
0,288,0,288
576,0,288,864
0,691,0,691
1382,0,691,2073
0,276,0,276
552,0,276,828
0,110,0,110
220,0,110,330
0,44,0,44
88,0,44,132
0,88,0,88
176,0,88,264
0,211,0,211
422,0,211,633
0,84,0,84
168,0,84,252
0,34,0,34
68,0,34,102
0,68,0,68
136,0,68,204
0,163,0,163
326,0,163,489
0,65,0,65
130,0,65,195
0,130,0,130
260,0,130,390
0,52,0,52
104,0,52,156
0,104,0,104
208,0,104,312
0,250,0,250
500,0,250,750
0,600,0,600
1200,0,600,1800
0,240,0,240
480,0,240,720
0,96,0,96
192,0,96,288
0,38,0,38
76,0,38,114
0,76,0,76
152,0,76,228
0,30,0,30
60,0,30,90
0,60,0,60
120,0,60,180
0,120,0,120
240,0,120,360
0,48,0,48
96,0,48,144
0,96,0,96
192,0,96,288
0,38,0,38
76,0,38,114
0,76,0,76
152,0,76,228
0,30,0,30
60,0,30,90
0,60,0,60
120,0,60,180
0,120,0,120
240,0,120,360
0,48,0,48
96,0,48,144
0,96,0,96
192,0,96,288
0,38,0,38
76,0,38,114
0,76,0,76
152,0,76,228
0,182,0,182
364,0,182,546
0,73,0,73
146,0,73,219
0,175,0,175
350,0,175,525
0,70,0,70
140,0,70,210
0,168,0,168
336,0,168,504
0,403,0,403
806,0,403,1209
0,967,0,967
1934,0,967,2901
0,2321,0,2321
4642,0,2321,6963
0,928,0,928
1856,0,928,2784
0,371,0,371
742,0,371,1113
0,890,0,890
1780,0,890,2670
0,2136,0,2136
4272,0,2136,6408
0,5126,0,5126
10252,0,5126,15378
0,2050,0,2050
4100,0,2050,6150
0,820,0,820
1640,0,820,2460
0,1968,0,1968
3936,0,1968,5904
0,787,0,787
1574,0,787,2361
0,315,0,315
630,0,315,945
0,126,0,126
252,0,126,378
0,50,0,50
100,0,50,150
0,100,0,100
200,0,100,300
0,40,0,40
80,0,40,120
0,80,0,80
160,0,80,240
0,32,0,32
64,0,32,96
0,64,0,64
128,0,64,192
0,128,0,128
256,0,128,384
0,51,0,51
102,0,51,153
0,102,0,102
204,0,102,306
0,41,0,41
82,0,41,123
0,82,0,82
164,0,82,246
0,33,0,33
66,0,33,99
0,66,0,66
132,0,66,198
0,132,0,132
264,0,132,396
0,317,0,317
634,0,317,951
0,127,0,127
254,0,127,381
0,51,0,51
102,0,51,153
0,102,0,102
204,0,102,306
0,245,0,245
490,0,245,735
0,588,0,588
1176,0,588,1764
0,235,0,235
470,0,235,705
0,94,0,94
188,0,94,282
0,38,0,38
76,0,38,114
0,76,0,76
152,0,76,228
0,182,0,182
364,0,182,546
0,73,0,73
146,0,73,219
0,29,0,29
58,0,29,87
0,58,0,58
116,0,58,174
0,116,0,116
232,0,116,348
0,46,0,46
92,0,46,138
0,92,0,92
184,0,92,276
0,37,0,37
74,0,37,111
0,74,0,74
148,0,74,222
0,178,0,178
356,0,178,534
0,71,0,71
142,0,71,213
0,28,0,28
56,0,28,84
0,56,0,56
112,0,56,168
0,112,0,112
224,0,112,336
0,45,0,45
90,0,45,135
0,90,0,90
180,0,90,270
0,36,0,36
72,0,36,108
0,72,0,72
144,0,72,216
0,173,0,173
346,0,173,519
0,69,0,69
138,0,69,207
0,28,0,28
56,0,28,84
0,56,0,56
112,0,56,168
0,112,0,112
224,0,112,336
0,45,0,45
90,0,45,135
0,90,0,90
180,0,90,270
0,36,0,36
72,0,36,108
0,72,0,72
144,0,72,216
0,29,0,29
58,0,29,87
0,58,0,58
116,0,58,174
0,116,0,116
232,0,116,348
0,46,0,46
92,0,46,138
0,92,0,92
184,0,92,276
0,37,0,37
74,0,37,111
0,74,0,74
148,0,74,222
0,30,0,30
60,0,30,90
0,60,0,60
120,0,60,180
0,120,0,120
240,0,120,360
0,48,0,48
96,0,48,144
0,96,0,96
192,0,96,288
0,230,0,230
460,0,230,690
0,92,0,92
184,0,92,276
0,37,0,37
74,0,37,111
0,74,0,74
148,0,74,222
0,30,0,30
60,0,30,90
0,60,0,60
120,0,60,180
0,120,0,120
240,0,120,360
0,48,0,48
96,0,48,144
0,96,0,96
192,0,96,288
0,38,0,38
76,0,38,114
0,76,0,76
152,0,76,228
0,182,0,182
364,0,182,546
0,73,0,73
146,0,73,219
0,29,0,29
58,0,29,87
0,58,0,58
116,0,58,174
0,116,0,116
232,0,116,348
0,46,0,46
92,0,46,138
0,92,0,92
184,0,92,276
0,221,0,221
442,0,221,663
0,88,0,88
176,0,88,264
0,35,0,35
70,0,35,105
0,70,0,70
140,0,70,210
0,168,0,168
336,0,168,504
0,403,0,403
806,0,403,1209
0,967,0,967
1934,0,967,2901
0,2321,0,2321
4642,0,2321,6963
0,928,0,928
1856,0,928,2784
0,2227,0,2227
4454,0,2227,6681
0,891,0,891
1782,0,891,2673
0,356,0,356
712,0,356,1068
0,142,0,142
284,0,142,426
0,341,0,341
682,0,341,1023
0,136,0,136
272,0,136,408
0,54,0,54
108,0,54,162
0,108,0,108
216,0,108,324
0,43,0,43
86,0,43,129
0,86,0,86
172,0,86,258
0,34,0,34
68,0,34,102
0,68,0,68
136,0,68,204
0,163,0,163
326,0,163,489
0,65,0,65
130,0,65,195
0,130,0,130
260,0,130,390
0,52,0,52
104,0,52,156
0,104,0,104
208,0,104,312
0,250,0,250
500,0,250,750
0,100,0,100
200,0,100,300
0,40,0,40
80,0,40,120
0,80,0,80
160,0,80,240
0,32,0,32
64,0,32,96
0,64,0,64
128,0,64,192
0,128,0,128
256,0,128,384
0,51,0,51
102,0,51,153
0,102,0,102
204,0,102,306
0,245,0,245
490,0,245,735
0,98,0,98
196,0,98,294
0,39,0,39
78,0,39,117
0,78,0,78
156,0,78,234
0,31,0,31
62,0,31,93
0,62,0,62
124,0,62,186
0,124,0,124
248,0,124,372
0,298,0,298
596,0,298,894
0,119,0,119
238,0,119,357
0,48,0,48
96,0,48,144
0,96,0,96
192,0,96,288
0,230,0,230
460,0,230,690
0,92,0,92
184,0,92,276
0,37,0,37
74,0,37,111
0,74,0,74
148,0,74,222
0,30,0,30
60,0,30,90
0,60,0,60
120,0,60,180
0,120,0,120
240,0,120,360
0,48,0,48
96,0,48,144
0,96,0,96
192,0,96,288
0,38,0,38
76,0,38,114
0,76,0,76
152,0,76,228
0,30,0,30
60,0,30,90
0,60,0,60
120,0,60,180
0,120,0,120
240,0,120,360
0,48,0,48
96,0,48,144
0,96,0,96
192,0,96,288
0,38,0,38
76,0,38,114
0,76,0,76
152,0,76,228
0,30,0,30
60,0,30,90
0,60,0,60
120,0,60,180
0,120,0,120
240,0,120,360
0,48,0,48
96,0,48,144
0,96,0,96
192,0,96,288
0,38,0,38
76,0,38,114
0,76,0,76
152,0,76,228
0,30,0,30
60,0,30,90
0,60,0,60
120,0,60,180
0,120,0,120
240,0,120,360
0,48,0,48
96,0,48,144
0,96,0,96
192,0,96,288
0,38,0,38
76,0,38,114
0,76,0,76
152,0,76,228
0,30,0,30
60,0,30,90
0,60,0,60
120,0,60,180
0,120,0,120
240,0,120,360
0,288,0,288
576,0,288,864
0,115,0,115
230,0,115,345
0,276,0,276
552,0,276,828
0,110,0,110
220,0,110,330
0,44,0,44
88,0,44,132
0,88,0,88
176,0,88,264
0,35,0,35
70,0,35,105
0,70,0,70
140,0,70,210
0,168,0,168
336,0,168,504
0,67,0,67
134,0,67,201
0,27,0,27
54,0,27,81
0,54,0,54
108,0,54,162
0,108,0,108
216,0,108,324
0,43,0,43
86,0,43,129
0,86,0,86
172,0,86,258
0,34,0,34
68,0,34,102
0,68,0,68
136,0,68,204
0,163,0,163
326,0,163,489
0,65,0,65
130,0,65,195
0,130,0,130
260,0,130,390
0,312,0,312
624,0,312,936
0,125,0,125
250,0,125,375
0,300,0,300
600,0,300,900
0,120,0,120
240,0,120,360
0,48,0,48
96,0,48,144
0,96,0,96
192,0,96,288
0,230,0,230
460,0,230,690
0,552,0,552
1104,0,552,1656
0,221,0,221
442,0,221,663
0,88,0,88
176,0,88,264
0,211,0,211
422,0,211,633
0,506,0,506
1012,0,506,1518
0,202,0,202
404,0,202,606
0,81,0,81
162,0,81,243
0,194,0,194
388,0,194,582
0,78,0,78
156,0,78,234
0,31,0,31
62,0,31,93
0,62,0,62
124,0,62,186
0,124,0,124
248,0,124,372
0,50,0,50
100,0,50,150
0,100,0,100
200,0,100,300
0,240,0,240
480,0,240,720
0,96,0,96
192,0,96,288
0,38,0,38
76,0,38,114
0,76,0,76
152,0,76,228
0,182,0,182
364,0,182,546
0,73,0,73
146,0,73,219
0,29,0,29
58,0,29,87
0,58,0,58
116,0,58,174
0,116,0,116
232,0,116,348
0,46,0,46
92,0,46,138
0,92,0,92
184,0,92,276
0,37,0,37
74,0,37,111
0,74,0,74
148,0,74,222
0,30,0,30
60,0,30,90
0,60,0,60
120,0,60,180
0,120,0,120
240,0,120,360
0,288,0,288
576,0,288,864
0,115,0,115
230,0,115,345
0,46,0,46
92,0,46,138
0,92,0,92
184,0,92,276
0,221,0,221
442,0,221,663
0,88,0,88
176,0,88,264
0,35,0,35
70,0,35,105
0,70,0,70
140,0,70,210
0,28,0,28
56,0,28,84
0,56,0,56
112,0,56,168
0,112,0,112
224,0,112,336
0,45,0,45
90,0,45,135
0,90,0,90
180,0,90,270
0,36,0,36
72,0,36,108
0,72,0,72
144,0,72,216
0,173,0,173
346,0,173,519
0,415,0,415
830,0,415,1245
0,996,0,996
1992,0,996,2988
0,2390,0,2390
4780,0,2390,7170
0,956,0,956
1912,0,956,2868
0,382,0,382
764,0,382,1146
0,153,0,153
306,0,153,459
0,61,0,61
122,0,61,183
0,122,0,122
244,0,122,366
0,293,0,293
586,0,293,879
0,703,0,703
1406,0,703,2109
0,281,0,281
562,0,281,843
0,112,0,112
224,0,112,336
0,45,0,45
90,0,45,135
0,90,0,90
180,0,90,270
0,36,0,36
72,0,36,108
0,72,0,72
144,0,72,216
0,29,0,29
58,0,29,87
0,58,0,58
116,0,58,174
0,116,0,116
232,0,116,348
0,46,0,46
92,0,46,138
0,92,0,92
184,0,92,276
0,37,0,37
74,0,37,111
0,74,0,74
148,0,74,222
0,30,0,30
60,0,30,90
0,60,0,60
120,0,60,180
0,120,0,120
240,0,120,360
0,48,0,48
96,0,48,144
0,96,0,96
192,0,96,288
0,230,0,230
460,0,230,690
0,92,0,92
184,0,92,276
0,221,0,221
442,0,221,663
0,88,0,88
176,0,88,264
0,211,0,211
422,0,211,633
0,506,0,506
1012,0,506,1518
0,202,0,202
404,0,202,606
0,81,0,81
162,0,81,243
0,194,0,194
388,0,194,582
0,78,0,78
156,0,78,234
0,31,0,31
62,0,31,93
0,62,0,62
124,0,62,186
0,124,0,124
248,0,124,372
0,50,0,50
100,0,50,150
0,100,0,100
200,0,100,300
0,40,0,40
80,0,40,120
0,80,0,80
160,0,80,240
0,32,0,32
64,0,32,96
0,64,0,64
128,0,64,192
0,128,0,128
256,0,128,384
0,51,0,51
102,0,51,153
0,102,0,102
204,0,102,306
0,41,0,41
82,0,41,123
0,82,0,82
164,0,82,246
0,33,0,33
66,0,33,99
0,66,0,66
132,0,66,198
0,132,0,132
264,0,132,396
0,317,0,317
634,0,317,951
0,127,0,127
254,0,127,381
0,51,0,51
102,0,51,153
0,102,0,102
204,0,102,306
0,41,0,41
82,0,41,123
0,82,0,82
164,0,82,246
0,33,0,33
66,0,33,99
0,66,0,66
132,0,66,198
0,132,0,132
264,0,132,396
0,317,0,317
634,0,317,951
0,127,0,127
254,0,127,381
0,51,0,51
102,0,51,153
0,102,0,102
204,0,102,306
0,41,0,41
82,0,41,123
0,82,0,82
164,0,82,246
0,33,0,33
66,0,33,99
0,66,0,66
132,0,66,198
0,132,0,132
264,0,132,396
0,53,0,53
106,0,53,159
0,106,0,106
212,0,106,318
0,42,0,42
84,0,42,126
0,84,0,84
168,0,84,252
0,202,0,202
404,0,202,606
0,81,0,81
162,0,81,243
0,32,0,32
64,0,32,96
0,64,0,64
128,0,64,192
0,128,0,128
256,0,128,384
0,51,0,51
102,0,51,153
0,102,0,102
204,0,102,306
0,41,0,41
82,0,41,123
0,82,0,82
164,0,82,246
0,33,0,33
66,0,33,99
0,66,0,66
132,0,66,198
0,132,0,132
264,0,132,396
0,53,0,53
106,0,53,159
0,106,0,106
212,0,106,318
0,42,0,42
84,0,42,126
0,84,0,84
168,0,84,252
0,202,0,202
404,0,202,606
0,81,0,81
162,0,81,243
0,32,0,32
64,0,32,96
0,64,0,64
128,0,64,192
0,128,0,128
256,0,128,384
0,51,0,51
102,0,51,153
0,102,0,102
204,0,102,306
0,41,0,41
82,0,41,123
0,82,0,82
164,0,82,246
0,33,0,33
66,0,33,99
0,66,0,66
132,0,66,198
0,132,0,132
264,0,132,396
0,317,0,317
634,0,317,951
0,127,0,127
254,0,127,381
0,51,0,51
102,0,51,153
0,102,0,102
204,0,102,306
0,245,0,245
490,0,245,735
0,588,0,588
1176,0,588,1764
0,1411,0,1411
2822,0,1411,4233
0,564,0,564
1128,0,564,1692
0,226,0,226
452,0,226,678
0,90,0,90
180,0,90,270
0,216,0,216
432,0,216,648
0,86,0,86
172,0,86,258
0,34,0,34
68,0,34,102
0,68,0,68
136,0,68,204
0,27,0,27
54,0,27,81
0,54,0,54
108,0,54,162
0,108,0,108
216,0,108,324
0,259,0,259
518,0,259,777
0,104,0,104
208,0,104,312
0,42,0,42
84,0,42,126
0,84,0,84
168,0,84,252
0,34,0,34
68,0,34,102
0,68,0,68
136,0,68,204
0,27,0,27
54,0,27,81
0,54,0,54
108,0,54,162
0,108,0,108
216,0,108,324
0,43,0,43
86,0,43,129
0,86,0,86
172,0,86,258
0,34,0,34
68,0,34,102
0,68,0,68
136,0,68,204
0,27,0,27
54,0,27,81
0,54,0,54
108,0,54,162
0,108,0,108
216,0,108,324
0,43,0,43
86,0,43,129
0,86,0,86
172,0,86,258
0,206,0,206
412,0,206,618
0,82,0,82
164,0,82,246
0,197,0,197
394,0,197,591
0,473,0,473
946,0,473,1419
0,189,0,189
378,0,189,567
0,76,0,76
152,0,76,228
0,30,0,30
60,0,30,90
0,60,0,60
120,0,60,180
0,120,0,120
240,0,120,360
0,288,0,288
576,0,288,864
0,115,0,115
230,0,115,345
0,46,0,46
92,0,46,138
0,92,0,92
184,0,92,276
0,37,0,37
74,0,37,111
0,74,0,74
148,0,74,222
0,30,0,30
60,0,30,90
0,60,0,60
120,0,60,180
0,120,0,120
240,0,120,360
0,48,0,48
96,0,48,144
0,96,0,96
192,0,96,288
0,38,0,38
76,0,38,114
0,76,0,76
152,0,76,228
0,30,0,30
60,0,30,90
0,60,0,60
120,0,60,180
0,120,0,120
240,0,120,360
0,48,0,48
96,0,48,144
0,96,0,96
192,0,96,288
0,38,0,38
76,0,38,114
0,76,0,76
152,0,76,228
0,30,0,30
60,0,30,90
0,60,0,60
120,0,60,180
0,120,0,120
240,0,120,360
0,48,0,48
96,0,48,144
0,96,0,96
192,0,96,288
0,38,0,38
76,0,38,114
0,76,0,76
152,0,76,228
0,30,0,30
60,0,30,90
0,60,0,60
120,0,60,180
0,120,0,120
240,0,120,360
0,288,0,288
576,0,288,864
0,691,0,691
1382,0,691,2073
0,1658,0,1658
3316,0,1658,4974
0,663,0,663
1326,0,663,1989
0,1591,0,1591
3182,0,1591,4773
0,636,0,636
1272,0,636,1908
0,254,0,254
508,0,254,762
0,102,0,102
204,0,102,306
0,41,0,41
82,0,41,123
0,82,0,82
164,0,82,246
0,197,0,197
394,0,197,591
0,473,0,473
946,0,473,1419
0,189,0,189
378,0,189,567
0,454,0,454
908,0,454,1362
0,182,0,182
364,0,182,546
0,73,0,73
146,0,73,219
0,175,0,175
350,0,175,525
0,70,0,70
140,0,70,210
0,28,0,28
56,0,28,84
0,56,0,56
112,0,56,168
0,112,0,112
224,0,112,336
0,45,0,45
90,0,45,135
0,90,0,90
180,0,90,270
0,36,0,36
72,0,36,108
0,72,0,72
144,0,72,216
0,29,0,29
58,0,29,87
0,58,0,58
116,0,58,174
0,116,0,116
232,0,116,348
0,46,0,46
92,0,46,138
0,92,0,92
184,0,92,276
0,37,0,37
74,0,37,111
0,74,0,74
148,0,74,222
0,178,0,178
356,0,178,534
0,71,0,71
142,0,71,213
0,28,0,28
56,0,28,84
0,56,0,56
112,0,56,168
0,112,0,112
224,0,112,336
0,45,0,45
90,0,45,135
0,90,0,90
180,0,90,270
0,36,0,36
72,0,36,108
0,72,0,72
144,0,72,216
0,29,0,29
58,0,29,87
0,58,0,58
116,0,58,174
0,116,0,116
232,0,116,348
0,46,0,46
92,0,46,138
0,92,0,92
184,0,92,276
0,221,0,221
442,0,221,663
0,530,0,530
1060,0,530,1590
0,212,0,212
424,0,212,636
0,85,0,85
170,0,85,255
0,34,0,34
68,0,34,102
0,68,0,68
136,0,68,204
0,27,0,27
54,0,27,81
0,54,0,54
108,0,54,162
0,108,0,108
216,0,108,324
0,43,0,43
86,0,43,129
0,86,0,86
172,0,86,258
0,34,0,34
68,0,34,102
0,68,0,68
136,0,68,204
0,27,0,27
54,0,27,81
0,54,0,54
108,0,54,162
0,108,0,108
216,0,108,324
0,43,0,43
86,0,43,129
0,86,0,86
172,0,86,258
0,206,0,206
412,0,206,618
0,82,0,82
164,0,82,246
0,33,0,33
66,0,33,99
0,66,0,66
132,0,66,198
0,132,0,132
264,0,132,396
0,53,0,53
106,0,53,159
0,106,0,106
212,0,106,318
0,42,0,42
84,0,42,126
0,84,0,84
168,0,84,252
0,34,0,34
68,0,34,102
0,68,0,68
136,0,68,204
0,27,0,27
54,0,27,81
0,54,0,54
108,0,54,162
0,108,0,108
216,0,108,324
0,43,0,43
86,0,43,129
0,86,0,86
172,0,86,258
0,34,0,34
68,0,34,102
0,68,0,68
136,0,68,204
0,27,0,27
54,0,27,81
0,54,0,54
108,0,54,162
0,108,0,108
216,0,108,324
0,43,0,43
86,0,43,129
0,86,0,86
172,0,86,258
0,206,0,206
412,0,206,618
0,494,0,494
988,0,494,1482
0,1186,0,1186
2372,0,1186,3558
0,2846,0,2846
5692,0,2846,8538
0,1138,0,1138
2276,0,1138,3414
0,455,0,455
910,0,455,1365
0,1092,0,1092
2184,0,1092,3276
0,437,0,437
874,0,437,1311
0,175,0,175
350,0,175,525
0,70,0,70
140,0,70,210
0,28,0,28
56,0,28,84
0,56,0,56
112,0,56,168
0,112,0,112
224,0,112,336
0,45,0,45
90,0,45,135
0,90,0,90
180,0,90,270
0,36,0,36
72,0,36,108
0,72,0,72
144,0,72,216
0,29,0,29
58,0,29,87
0,58,0,58
116,0,58,174
0,116,0,116
232,0,116,348
0,46,0,46
92,0,46,138
0,92,0,92
184,0,92,276
0,221,0,221
442,0,221,663
0,530,0,530
1060,0,530,1590
0,1272,0,1272
2544,0,1272,3816
0,509,0,509
1018,0,509,1527
0,204,0,204
408,0,204,612
0,82,0,82
164,0,82,246
0,33,0,33
66,0,33,99
0,66,0,66
132,0,66,198
0,132,0,132
264,0,132,396
0,53,0,53
106,0,53,159
0,106,0,106
212,0,106,318
0,42,0,42
84,0,42,126
0,84,0,84
168,0,84,252
0,34,0,34
68,0,34,102
0,68,0,68
136,0,68,204
0,27,0,27
54,0,27,81
0,54,0,54
108,0,54,162
0,108,0,108
216,0,108,324
0,43,0,43
86,0,43,129
0,86,0,86
172,0,86,258
0,206,0,206
412,0,206,618
0,82,0,82
164,0,82,246
0,33,0,33
66,0,33,99
0,66,0,66
132,0,66,198
0,132,0,132
264,0,132,396
0,317,0,317
634,0,317,951
0,127,0,127
254,0,127,381
0,305,0,305
610,0,305,915
0,122,0,122
244,0,122,366
0,49,0,49
98,0,49,147
0,98,0,98
196,0,98,294
0,39,0,39
78,0,39,117
0,78,0,78
156,0,78,234
0,31,0,31
62,0,31,93
0,62,0,62
124,0,62,186
0,124,0,124
248,0,124,372
0,50,0,50
100,0,50,150
0,100,0,100
200,0,100,300
0,40,0,40
80,0,40,120
0,80,0,80
160,0,80,240
0,32,0,32
64,0,32,96
0,64,0,64
128,0,64,192
0,128,0,128
256,0,128,384
0,307,0,307
614,0,307,921
0,123,0,123
246,0,123,369
0,295,0,295
590,0,295,885
0,118,0,118
236,0,118,354
0,47,0,47
94,0,47,141
0,94,0,94
188,0,94,282
0,38,0,38
76,0,38,114
0,76,0,76
152,0,76,228
0,30,0,30
60,0,30,90
0,60,0,60
120,0,60,180
0,120,0,120
240,0,120,360
0,48,0,48
96,0,48,144
0,96,0,96
192,0,96,288
0,38,0,38
76,0,38,114
0,76,0,76
152,0,76,228
0,30,0,30
60,0,30,90
0,60,0,60
120,0,60,180
0,120,0,120
240,0,120,360
0,48,0,48
96,0,48,144
0,96,0,96
192,0,96,288
0,38,0,38
76,0,38,114
0,76,0,76
152,0,76,228
0,30,0,30
60,0,30,90
0,60,0,60
120,0,60,180
0,120,0,120
240,0,120,360
0,48,0,48
96,0,48,144
0,96,0,96
192,0,96,288
0,38,0,38
76,0,38,114
0,76,0,76
152,0,76,228
0,30,0,30
60,0,30,90
0,60,0,60
120,0,60,180
0,120,0,120
240,0,120,360
0,48,0,48
96,0,48,144
0,96,0,96
192,0,96,288
0,38,0,38
76,0,38,114
0,76,0,76
152,0,76,228
0,30,0,30
60,0,30,90
0,60,0,60
120,0,60,180
0,120,0,120
240,0,120,360
0,48,0,48
96,0,48,144
0,96,0,96
192,0,96,288
0,230,0,230
460,0,230,690
0,92,0,92
184,0,92,276
0,221,0,221
442,0,221,663
0,88,0,88
176,0,88,264
0,35,0,35
70,0,35,105
0,70,0,70
140,0,70,210
0,28,0,28
56,0,28,84
0,56,0,56
112,0,56,168
0,112,0,112
224,0,112,336
0,269,0,269
538,0,269,807
0,108,0,108
216,0,108,324
0,43,0,43
86,0,43,129
0,86,0,86
172,0,86,258
0,34,0,34
68,0,34,102
0,68,0,68
136,0,68,204
0,27,0,27
54,0,27,81
0,54,0,54
108,0,54,162
0,108,0,108
216,0,108,324
0,43,0,43
86,0,43,129
0,86,0,86
172,0,86,258
0,34,0,34
68,0,34,102
0,68,0,68
136,0,68,204
0,27,0,27
54,0,27,81
0,54,0,54
108,0,54,162
0,108,0,108
216,0,108,324
0,259,0,259
518,0,259,777
0,104,0,104
208,0,104,312
0,42,0,42
84,0,42,126
0,84,0,84
168,0,84,252
0,34,0,34
68,0,34,102
0,68,0,68
136,0,68,204
0,27,0,27
54,0,27,81
0,54,0,54
108,0,54,162
0,108,0,108
216,0,108,324
0,43,0,43
86,0,43,129
0,86,0,86
172,0,86,258
0,206,0,206
412,0,206,618
0,82,0,82
164,0,82,246
0,197,0,197
394,0,197,591
0,79,0,79
158,0,79,237
0,32,0,32
64,0,32,96
0,64,0,64
128,0,64,192
0,128,0,128
256,0,128,384
0,51,0,51
102,0,51,153
0,102,0,102
204,0,102,306
0,245,0,245
490,0,245,735
0,98,0,98
196,0,98,294
0,235,0,235
470,0,235,705
0,94,0,94
188,0,94,282
0,38,0,38
76,0,38,114
0,76,0,76
152,0,76,228
0,30,0,30
60,0,30,90
0,60,0,60
120,0,60,180
0,120,0,120
240,0,120,360
0,48,0,48
96,0,48,144
0,96,0,96
192,0,96,288
0,230,0,230
460,0,230,690
0,92,0,92
184,0,92,276
0,37,0,37
74,0,37,111
0,74,0,74
148,0,74,222
0,30,0,30
60,0,30,90
0,60,0,60
120,0,60,180
0,120,0,120
240,0,120,360
0,48,0,48
96,0,48,144
0,96,0,96
192,0,96,288
0,38,0,38
76,0,38,114
0,76,0,76
152,0,76,228
0,30,0,30
60,0,30,90
0,60,0,60
120,0,60,180
0,120,0,120
240,0,120,360
0,288,0,288
576,0,288,864
0,691,0,691
1382,0,691,2073
0,276,0,276
552,0,276,828
0,110,0,110
220,0,110,330
0,264,0,264
528,0,264,792
0,106,0,106
212,0,106,318
0,42,0,42
84,0,42,126
0,84,0,84
168,0,84,252
0,202,0,202
404,0,202,606
0,81,0,81
162,0,81,243
0,32,0,32
64,0,32,96
0,64,0,64
128,0,64,192
0,128,0,128
256,0,128,384
0,51,0,51
102,0,51,153
0,102,0,102
204,0,102,306
0,41,0,41
82,0,41,123
0,82,0,82
164,0,82,246
0,33,0,33
66,0,33,99
0,66,0,66
132,0,66,198
0,132,0,132
264,0,132,396
0,53,0,53
106,0,53,159
0,106,0,106
212,0,106,318
0,254,0,254
508,0,254,762
0,102,0,102
204,0,102,306
0,41,0,41
82,0,41,123
0,82,0,82
164,0,82,246
0,33,0,33
66,0,33,99
0,66,0,66
132,0,66,198
0,132,0,132
264,0,132,396
0,53,0,53
106,0,53,159
0,106,0,106
212,0,106,318
0,254,0,254
508,0,254,762
0,102,0,102
204,0,102,306
0,41,0,41
82,0,41,123
0,82,0,82
164,0,82,246
0,197,0,197
394,0,197,591
0,473,0,473
946,0,473,1419
0,189,0,189
378,0,189,567
0,454,0,454
908,0,454,1362
0,1090,0,1090
2180,0,1090,3270
0,436,0,436
872,0,436,1308
0,174,0,174
348,0,174,522
0,418,0,418
836,0,418,1254
0,167,0,167
334,0,167,501
0,401,0,401
802,0,401,1203
0,160,0,160
320,0,160,480
0,64,0,64
128,0,64,192
0,128,0,128
256,0,128,384
0,307,0,307
614,0,307,921
0,123,0,123
246,0,123,369
0,49,0,49
98,0,49,147
0,98,0,98
196,0,98,294
0,39,0,39
78,0,39,117
0,78,0,78
156,0,78,234
0,31,0,31
62,0,31,93
0,62,0,62
124,0,62,186
0,124,0,124
248,0,124,372
0,50,0,50
100,0,50,150
0,100,0,100
200,0,100,300
0,40,0,40
80,0,40,120
0,80,0,80
160,0,80,240
0,32,0,32
64,0,32,96
0,64,0,64
128,0,64,192
0,128,0,128
256,0,128,384
0,51,0,51
102,0,51,153
0,102,0,102
204,0,102,306
0,41,0,41
82,0,41,123
0,82,0,82
164,0,82,246
0,197,0,197
394,0,197,591
0,79,0,79
158,0,79,237
0,32,0,32
64,0,32,96
0,64,0,64
128,0,64,192
0,128,0,128
256,0,128,384
0,51,0,51
102,0,51,153
0,102,0,102
204,0,102,306
0,41,0,41
82,0,41,123
0,82,0,82
164,0,82,246
0,33,0,33
66,0,33,99
0,66,0,66
132,0,66,198
0,132,0,132
264,0,132,396
0,53,0,53
106,0,53,159
0,106,0,106
212,0,106,318
0,42,0,42
84,0,42,126
0,84,0,84
168,0,84,252
0,202,0,202
404,0,202,606
0,81,0,81
162,0,81,243
0,32,0,32
64,0,32,96
0,64,0,64
128,0,64,192
0,128,0,128
256,0,128,384
0,51,0,51
102,0,51,153
0,102,0,102
204,0,102,306
0,245,0,245
490,0,245,735
0,98,0,98
196,0,98,294
0,39,0,39
78,0,39,117
0,78,0,78
156,0,78,234
0,187,0,187
374,0,187,561
0,75,0,75
150,0,75,225
0,30,0,30
60,0,30,90
0,60,0,60
120,0,60,180
0,120,0,120
240,0,120,360
0,288,0,288
576,0,288,864
0,115,0,115
230,0,115,345
0,46,0,46
92,0,46,138
0,92,0,92
184,0,92,276
0,37,0,37
74,0,37,111
0,74,0,74
148,0,74,222
0,30,0,30
60,0,30,90
0,60,0,60
120,0,60,180
0,120,0,120
240,0,120,360
0,48,0,48
96,0,48,144
0,96,0,96
192,0,96,288
0,38,0,38
76,0,38,114
0,76,0,76
152,0,76,228
0,30,0,30
60,0,30,90
0,60,0,60
120,0,60,180
0,120,0,120
240,0,120,360
0,48,0,48
96,0,48,144
0,96,0,96
192,0,96,288
0,38,0,38
76,0,38,114
0,76,0,76
152,0,76,228
0,30,0,30
60,0,30,90
0,60,0,60
120,0,60,180
0,120,0,120
240,0,120,360
0,48,0,48
96,0,48,144
0,96,0,96
192,0,96,288
0,38,0,38
76,0,38,114
0,76,0,76
152,0,76,228
0,30,0,30
60,0,30,90
0,60,0,60
120,0,60,180
0,120,0,120
240,0,120,360
0,48,0,48
96,0,48,144
0,96,0,96
192,0,96,288
0,38,0,38
76,0,38,114
0,76,0,76
152,0,76,228
0,30,0,30
60,0,30,90
0,60,0,60
120,0,60,180
0,120,0,120
240,0,120,360
0,288,0,288
576,0,288,864
0,691,0,691
1382,0,691,2073
0,276,0,276
552,0,276,828
0,110,0,110
220,0,110,330
0,44,0,44
88,0,44,132
0,88,0,88
176,0,88,264
0,35,0,35
70,0,35,105
0,70,0,70
140,0,70,210
0,28,0,28
56,0,28,84
0,56,0,56
112,0,56,168
0,112,0,112
224,0,112,336
0,269,0,269
538,0,269,807
0,108,0,108
216,0,108,324
0,43,0,43
86,0,43,129
0,86,0,86
172,0,86,258
0,206,0,206
412,0,206,618
0,82,0,82
164,0,82,246
0,33,0,33
66,0,33,99
0,66,0,66
132,0,66,198
0,132,0,132
264,0,132,396
0,53,0,53
106,0,53,159
0,106,0,106
212,0,106,318
0,42,0,42
84,0,42,126
0,84,0,84
168,0,84,252
0,34,0,34
68,0,34,102
0,68,0,68
136,0,68,204
0,27,0,27
54,0,27,81
0,54,0,54
108,0,54,162
0,108,0,108
216,0,108,324
0,43,0,43
86,0,43,129
0,86,0,86
172,0,86,258
0,206,0,206
412,0,206,618
0,494,0,494
988,0,494,1482
0,198,0,198
396,0,198,594
0,79,0,79
158,0,79,237
0,190,0,190
380,0,190,570
0,456,0,456
912,0,456,1368
0,182,0,182
364,0,182,546
0,73,0,73
146,0,73,219
0,175,0,175
350,0,175,525
0,70,0,70
140,0,70,210
0,28,0,28
56,0,28,84
0,56,0,56
112,0,56,168
0,112,0,112
224,0,112,336
0,45,0,45
90,0,45,135
0,90,0,90
180,0,90,270
0,36,0,36
72,0,36,108
0,72,0,72
144,0,72,216
0,173,0,173
346,0,173,519
0,69,0,69
138,0,69,207
0,28,0,28
56,0,28,84
0,56,0,56
112,0,56,168
0,112,0,112
224,0,112,336
0,45,0,45
90,0,45,135
0,90,0,90
180,0,90,270
0,36,0,36
72,0,36,108
0,72,0,72
144,0,72,216
0,173,0,173
346,0,173,519
0,69,0,69
138,0,69,207
0,28,0,28
56,0,28,84
0,56,0,56
112,0,56,168
0,112,0,112
224,0,112,336
0,45,0,45
90,0,45,135
0,90,0,90
180,0,90,270
0,216,0,216
432,0,216,648
0,86,0,86
172,0,86,258
0,206,0,206
412,0,206,618
0,82,0,82
164,0,82,246
0,197,0,197
394,0,197,591
0,79,0,79
158,0,79,237
0,190,0,190
380,0,190,570
0,76,0,76
152,0,76,228
0,30,0,30
60,0,30,90
0,60,0,60
120,0,60,180
0,120,0,120
240,0,120,360
0,48,0,48
96,0,48,144
0,96,0,96
192,0,96,288
0,230,0,230
460,0,230,690
0,92,0,92
184,0,92,276
0,37,0,37
74,0,37,111
0,74,0,74
148,0,74,222
0,178,0,178
356,0,178,534
0,71,0,71
142,0,71,213
0,28,0,28
56,0,28,84
0,56,0,56
112,0,56,168
0,112,0,112
224,0,112,336
0,45,0,45
90,0,45,135
0,90,0,90
180,0,90,270
0,36,0,36
72,0,36,108
0,72,0,72
144,0,72,216
0,29,0,29
58,0,29,87
0,58,0,58
116,0,58,174
0,116,0,116
232,0,116,348
0,46,0,46
92,0,46,138
0,92,0,92
184,0,92,276
0,37,0,37
74,0,37,111
0,74,0,74
148,0,74,222
0,30,0,30
60,0,30,90
0,60,0,60
120,0,60,180
0,120,0,120
240,0,120,360
0,48,0,48
96,0,48,144
0,96,0,96
192,0,96,288
0,38,0,38
76,0,38,114
0,76,0,76
152,0,76,228
0,30,0,30
60,0,30,90
0,60,0,60
120,0,60,180
0,120,0,120
240,0,120,360
0,288,0,288
576,0,288,864
0,115,0,115
230,0,115,345
0,46,0,46
92,0,46,138
0,92,0,92
184,0,92,276
0,37,0,37
74,0,37,111
0,74,0,74
148,0,74,222
0,30,0,30
60,0,30,90
0,60,0,60
120,0,60,180
0,120,0,120
240,0,120,360
0,48,0,48
96,0,48,144
0,96,0,96
192,0,96,288
0,38,0,38
76,0,38,114
0,76,0,76
152,0,76,228
0,30,0,30
60,0,30,90
0,60,0,60
120,0,60,180
0,120,0,120
240,0,120,360
0,48,0,48
96,0,48,144
0,96,0,96
192,0,96,288
0,38,0,38
76,0,38,114
0,76,0,76
152,0,76,228
0,30,0,30
60,0,30,90
0,60,0,60
120,0,60,180
0,120,0,120
240,0,120,360
0,288,0,288
576,0,288,864
0,115,0,115
230,0,115,345
0,276,0,276
552,0,276,828
0,110,0,110
220,0,110,330
0,44,0,44
88,0,44,132
0,88,0,88
176,0,88,264
0,211,0,211
422,0,211,633
0,84,0,84
168,0,84,252
0,34,0,34
68,0,34,102
0,68,0,68
136,0,68,204
0,27,0,27
54,0,27,81
0,54,0,54
108,0,54,162
0,108,0,108
216,0,108,324
0,259,0,259
518,0,259,777
0,104,0,104
208,0,104,312
0,42,0,42
84,0,42,126
0,84,0,84
168,0,84,252
0,34,0,34
68,0,34,102
0,68,0,68
136,0,68,204
0,27,0,27
54,0,27,81
0,54,0,54
108,0,54,162
0,108,0,108
216,0,108,324
0,43,0,43
86,0,43,129
0,86,0,86
172,0,86,258
0,34,0,34
68,0,34,102
0,68,0,68
136,0,68,204
0,27,0,27
54,0,27,81
0,54,0,54
108,0,54,162
0,108,0,108
216,0,108,324
0,43,0,43
86,0,43,129
0,86,0,86
172,0,86,258
0,34,0,34
68,0,34,102
0,68,0,68
136,0,68,204
0,27,0,27
54,0,27,81
0,54,0,54
108,0,54,162
0,108,0,108
216,0,108,324
0,43,0,43
86,0,43,129
0,86,0,86
172,0,86,258
0,34,0,34
68,0,34,102
0,68,0,68
136,0,68,204
0,27,0,27
54,0,27,81
0,54,0,54
108,0,54,162
0,108,0,108
216,0,108,324
0,259,0,259
518,0,259,777
0,104,0,104
208,0,104,312
0,42,0,42
84,0,42,126
0,84,0,84
168,0,84,252
0,34,0,34
68,0,34,102
0,68,0,68
136,0,68,204
0,27,0,27
54,0,27,81
0,54,0,54
108,0,54,162
0,108,0,108
216,0,108,324
0,43,0,43
86,0,43,129
0,86,0,86
172,0,86,258
0,34,0,34
68,0,34,102
0,68,0,68
136,0,68,204
0,27,0,27
54,0,27,81
0,54,0,54
108,0,54,162
0,108,0,108
216,0,108,324
0,43,0,43
86,0,43,129
0,86,0,86
172,0,86,258
0,34,0,34
68,0,34,102
0,68,0,68
136,0,68,204
0,27,0,27
54,0,27,81
0,54,0,54
108,0,54,162
0,108,0,108
216,0,108,324
0,43,0,43
86,0,43,129
0,86,0,86
172,0,86,258
0,34,0,34
68,0,34,102
0,68,0,68
136,0,68,204
0,27,0,27
54,0,27,81
0,54,0,54
108,0,54,162
0,108,0,108
216,0,108,324
0,43,0,43
86,0,43,129
0,86,0,86
172,0,86,258
0,206,0,206
412,0,206,618
0,494,0,494
988,0,494,1482
0,198,0,198
396,0,198,594
0,79,0,79
158,0,79,237
0,32,0,32
64,0,32,96
0,64,0,64
128,0,64,192
0,128,0,128
256,0,128,384
0,51,0,51
102,0,51,153
0,102,0,102
204,0,102,306
0,245,0,245
490,0,245,735
0,98,0,98
196,0,98,294
0,235,0,235
470,0,235,705
0,94,0,94
188,0,94,282
0,38,0,38
76,0,38,114
0,76,0,76
152,0,76,228
0,30,0,30
60,0,30,90
0,60,0,60
120,0,60,180
0,120,0,120
240,0,120,360
0,48,0,48
96,0,48,144
0,96,0,96
192,0,96,288
0,230,0,230
460,0,230,690
0,92,0,92
184,0,92,276
0,221,0,221
442,0,221,663
0,88,0,88
176,0,88,264
0,35,0,35
70,0,35,105
0,70,0,70
140,0,70,210
0,28,0,28
56,0,28,84
0,56,0,56
112,0,56,168
0,112,0,112
224,0,112,336
0,45,0,45
90,0,45,135
0,90,0,90
180,0,90,270
0,36,0,36
72,0,36,108
0,72,0,72
144,0,72,216
0,29,0,29
58,0,29,87
0,58,0,58
116,0,58,174
0,116,0,116
232,0,116,348
0,46,0,46
92,0,46,138
0,92,0,92
184,0,92,276
0,37,0,37
74,0,37,111
0,74,0,74
148,0,74,222
0,178,0,178
356,0,178,534
0,71,0,71
142,0,71,213
0,170,0,170
340,0,170,510
0,68,0,68
136,0,68,204
0,163,0,163
326,0,163,489
0,391,0,391
782,0,391,1173
0,938,0,938
1876,0,938,2814
0,2251,0,2251
4502,0,2251,6753
0,900,0,900
1800,0,900,2700
0,360,0,360
720,0,360,1080
0,864,0,864
1728,0,864,2592
0,2074,0,2074
4148,0,2074,6222
0,830,0,830
1660,0,830,2490
0,1992,0,1992
3984,0,1992,5976
0,797,0,797
1594,0,797,2391
0,319,0,319
638,0,319,957
0,128,0,128
256,0,128,384
0,307,0,307
614,0,307,921
0,737,0,737
1474,0,737,2211
0,295,0,295
590,0,295,885
0,118,0,118
236,0,118,354
0,47,0,47
94,0,47,141
0,94,0,94
188,0,94,282
0,226,0,226
452,0,226,678
0,90,0,90
180,0,90,270
0,216,0,216
432,0,216,648
0,518,0,518
1036,0,518,1554
0,207,0,207
414,0,207,621
0,83,0,83
166,0,83,249
0,33,0,33
66,0,33,99
0,66,0,66
132,0,66,198
0,132,0,132
264,0,132,396
0,317,0,317
634,0,317,951
0,127,0,127
254,0,127,381
0,51,0,51
102,0,51,153
0,102,0,102
204,0,102,306
0,41,0,41
82,0,41,123
0,82,0,82
164,0,82,246
0,197,0,197
394,0,197,591
0,79,0,79
158,0,79,237
0,32,0,32
64,0,32,96
0,64,0,64
128,0,64,192
0,128,0,128
256,0,128,384
0,51,0,51
102,0,51,153
0,102,0,102
204,0,102,306
0,245,0,245
490,0,245,735
0,98,0,98
196,0,98,294
0,39,0,39
78,0,39,117
0,78,0,78
156,0,78,234
0,187,0,187
374,0,187,561
0,75,0,75
150,0,75,225
0,180,0,180
360,0,180,540
0,432,0,432
864,0,432,1296
0,1037,0,1037
2074,0,1037,3111
0,415,0,415
830,0,415,1245
0,166,0,166
332,0,166,498
0,66,0,66
132,0,66,198
0,132,0,132
264,0,132,396
0,53,0,53
106,0,53,159
0,106,0,106
212,0,106,318
0,42,0,42
84,0,42,126
0,84,0,84
168,0,84,252
0,34,0,34
68,0,34,102
0,68,0,68
136,0,68,204
0,163,0,163
326,0,163,489
0,65,0,65
130,0,65,195
0,130,0,130
260,0,130,390
0,52,0,52
104,0,52,156
0,104,0,104
208,0,104,312
0,250,0,250
500,0,250,750
0,100,0,100
200,0,100,300
0,40,0,40
80,0,40,120
0,80,0,80
160,0,80,240
0,192,0,192
384,0,192,576
0,461,0,461
922,0,461,1383
0,184,0,184
368,0,184,552
0,74,0,74
148,0,74,222
0,178,0,178
356,0,178,534
0,71,0,71
142,0,71,213
0,28,0,28
56,0,28,84
0,56,0,56
112,0,56,168
0,112,0,112
224,0,112,336
0,45,0,45
90,0,45,135
0,90,0,90
180,0,90,270
0,36,0,36
72,0,36,108
0,72,0,72
144,0,72,216
0,173,0,173
346,0,173,519
0,415,0,415
830,0,415,1245
0,166,0,166
332,0,166,498
0,66,0,66
132,0,66,198
0,132,0,132
264,0,132,396
0,53,0,53
106,0,53,159
0,106,0,106
212,0,106,318
0,42,0,42
84,0,42,126
0,84,0,84
168,0,84,252
0,202,0,202
404,0,202,606
0,485,0,485
970,0,485,1455
0,1164,0,1164
2328,0,1164,3492
0,466,0,466
932,0,466,1398
0,186,0,186
372,0,186,558
0,74,0,74
148,0,74,222
0,30,0,30
60,0,30,90
0,60,0,60
120,0,60,180
0,120,0,120
240,0,120,360
0,48,0,48
96,0,48,144
0,96,0,96
192,0,96,288
0,38,0,38
76,0,38,114
0,76,0,76
152,0,76,228
0,30,0,30
60,0,30,90
0,60,0,60
120,0,60,180
0,120,0,120
240,0,120,360
0,48,0,48
96,0,48,144
0,96,0,96
192,0,96,288
0,38,0,38
76,0,38,114
0,76,0,76
152,0,76,228
0,30,0,30
60,0,30,90
0,60,0,60
120,0,60,180
0,120,0,120
240,0,120,360
0,48,0,48
96,0,48,144
0,96,0,96
192,0,96,288
0,230,0,230
460,0,230,690
0,552,0,552
1104,0,552,1656
0,221,0,221
442,0,221,663
0,88,0,88
176,0,88,264
0,211,0,211
422,0,211,633
0,84,0,84
168,0,84,252
0,34,0,34
68,0,34,102
0,68,0,68
136,0,68,204
0,27,0,27
54,0,27,81
0,54,0,54
108,0,54,162
0,108,0,108
216,0,108,324
0,43,0,43
86,0,43,129
0,86,0,86
172,0,86,258
0,206,0,206
412,0,206,618
0,494,0,494
988,0,494,1482
0,1186,0,1186
2372,0,1186,3558
0,474,0,474
948,0,474,1422
0,1138,0,1138
2276,0,1138,3414
0,455,0,455
910,0,455,1365
0,1092,0,1092
2184,0,1092,3276
0,437,0,437
874,0,437,1311
0,175,0,175
350,0,175,525
0,70,0,70
140,0,70,210
0,28,0,28
56,0,28,84
0,56,0,56
112,0,56,168
0,112,0,112
224,0,112,336
0,269,0,269
538,0,269,807
0,108,0,108
216,0,108,324
0,43,0,43
86,0,43,129
0,86,0,86
172,0,86,258
0,34,0,34
68,0,34,102
0,68,0,68
136,0,68,204
0,27,0,27
54,0,27,81
0,54,0,54
108,0,54,162
0,108,0,108
216,0,108,324
0,43,0,43
86,0,43,129
0,86,0,86
172,0,86,258
0,34,0,34
68,0,34,102
0,68,0,68
136,0,68,204
0,27,0,27
54,0,27,81
0,54,0,54
108,0,54,162
0,108,0,108
216,0,108,324
0,43,0,43
86,0,43,129
0,86,0,86
172,0,86,258
0,34,0,34
68,0,34,102
0,68,0,68
136,0,68,204
0,27,0,27
54,0,27,81
0,54,0,54
108,0,54,162
0,108,0,108
216,0,108,324
0,43,0,43
86,0,43,129
0,86,0,86
172,0,86,258
0,34,0,34
68,0,34,102
0,68,0,68
136,0,68,204
0,27,0,27
54,0,27,81
0,54,0,54
108,0,54,162
0,108,0,108
216,0,108,324
0,43,0,43
86,0,43,129
0,86,0,86
172,0,86,258
0,34,0,34
68,0,34,102
0,68,0,68
136,0,68,204
0,27,0,27
54,0,27,81
0,54,0,54
108,0,54,162
0,108,0,108
216,0,108,324
0,43,0,43
86,0,43,129
0,86,0,86
172,0,86,258
0,206,0,206
412,0,206,618
0,82,0,82
164,0,82,246
0,33,0,33
66,0,33,99
0,66,0,66
132,0,66,198
0,132,0,132
264,0,132,396
0,53,0,53
106,0,53,159
0,106,0,106
212,0,106,318
0,254,0,254
508,0,254,762
0,102,0,102
204,0,102,306
0,41,0,41
82,0,41,123
0,82,0,82
164,0,82,246
0,33,0,33
66,0,33,99
0,66,0,66
132,0,66,198
0,132,0,132
264,0,132,396
0,53,0,53
106,0,53,159
0,106,0,106
212,0,106,318
0,42,0,42
84,0,42,126
0,84,0,84
168,0,84,252
0,34,0,34
68,0,34,102
0,68,0,68
136,0,68,204
0,27,0,27
54,0,27,81
0,54,0,54
108,0,54,162
0,108,0,108
216,0,108,324
0,43,0,43
86,0,43,129
0,86,0,86
172,0,86,258
0,206,0,206
412,0,206,618
0,82,0,82
164,0,82,246
0,33,0,33
66,0,33,99
0,66,0,66
132,0,66,198
0,132,0,132
264,0,132,396
0,53,0,53
106,0,53,159
0,106,0,106
212,0,106,318
0,42,0,42
84,0,42,126
0,84,0,84
168,0,84,252
0,34,0,34
68,0,34,102
0,68,0,68
136,0,68,204
0,27,0,27
54,0,27,81
0,54,0,54
108,0,54,162
0,108,0,108
216,0,108,324
0,259,0,259
518,0,259,777
0,104,0,104
208,0,104,312
0,42,0,42
84,0,42,126
0,84,0,84
168,0,84,252
0,202,0,202
404,0,202,606
0,81,0,81
162,0,81,243
0,32,0,32
64,0,32,96
0,64,0,64
128,0,64,192
0,128,0,128
256,0,128,384
0,307,0,307
614,0,307,921
0,123,0,123
246,0,123,369
0,49,0,49
98,0,49,147
0,98,0,98
196,0,98,294
0,39,0,39
78,0,39,117
0,78,0,78
156,0,78,234
0,187,0,187
374,0,187,561
0,75,0,75
150,0,75,225
0,30,0,30
60,0,30,90
0,60,0,60
120,0,60,180
0,120,0,120
240,0,120,360
0,48,0,48
96,0,48,144
0,96,0,96
192,0,96,288
0,38,0,38
76,0,38,114
0,76,0,76
152,0,76,228
0,182,0,182
364,0,182,546
0,73,0,73
146,0,73,219
0,29,0,29
58,0,29,87
0,58,0,58
116,0,58,174
0,116,0,116
232,0,116,348
0,46,0,46
92,0,46,138
0,92,0,92
184,0,92,276
0,221,0,221
442,0,221,663
0,530,0,530
1060,0,530,1590
0,1272,0,1272
2544,0,1272,3816
0,509,0,509
1018,0,509,1527
0,204,0,204
408,0,204,612
0,82,0,82
164,0,82,246
0,33,0,33
66,0,33,99
0,66,0,66
132,0,66,198
0,132,0,132
264,0,132,396
0,53,0,53
106,0,53,159
0,106,0,106
212,0,106,318
0,42,0,42
84,0,42,126
0,84,0,84
168,0,84,252
0,34,0,34
68,0,34,102
0,68,0,68
136,0,68,204
0,27,0,27
54,0,27,81
0,54,0,54
108,0,54,162
0,108,0,108
216,0,108,324
0,43,0,43
86,0,43,129
0,86,0,86
172,0,86,258
0,34,0,34
68,0,34,102
0,68,0,68
136,0,68,204
0,27,0,27
54,0,27,81
0,54,0,54
108,0,54,162
0,108,0,108
216,0,108,324
0,43,0,43
86,0,43,129
0,86,0,86
172,0,86,258
0,34,0,34
68,0,34,102
0,68,0,68
136,0,68,204
0,27,0,27
54,0,27,81
0,54,0,54
108,0,54,162
0,108,0,108
216,0,108,324
0,259,0,259
518,0,259,777
0,104,0,104
208,0,104,312
0,42,0,42
84,0,42,126
0,84,0,84
168,0,84,252
0,202,0,202
404,0,202,606
0,81,0,81
162,0,81,243
0,32,0,32
64,0,32,96
0,64,0,64
128,0,64,192
0,128,0,128
256,0,128,384
0,51,0,51
102,0,51,153
0,102,0,102
204,0,102,306
0,41,0,41
82,0,41,123
0,82,0,82
164,0,82,246
0,33,0,33
66,0,33,99
0,66,0,66
132,0,66,198
0,132,0,132
264,0,132,396
0,53,0,53
106,0,53,159
0,106,0,106
212,0,106,318
0,254,0,254
508,0,254,762
0,102,0,102
204,0,102,306
0,41,0,41
82,0,41,123
0,82,0,82
164,0,82,246
0,33,0,33
66,0,33,99
0,66,0,66
132,0,66,198
0,132,0,132
264,0,132,396
0,53,0,53
106,0,53,159
0,106,0,106
212,0,106,318
0,42,0,42
84,0,42,126
0,84,0,84
168,0,84,252
0,34,0,34
68,0,34,102
0,68,0,68
136,0,68,204
0,27,0,27
54,0,27,81
0,54,0,54
108,0,54,162
0,108,0,108
216,0,108,324
0,43,0,43
86,0,43,129
0,86,0,86
172,0,86,258
0,206,0,206
412,0,206,618
0,82,0,82
164,0,82,246
0,197,0,197
394,0,197,591
0,473,0,473
946,0,473,1419
0,1135,0,1135
2270,0,1135,3405
0,2724,0,2724
5448,0,2724,8172
0,1090,0,1090
2180,0,1090,3270
0,2616,0,2616
5232,0,2616,7848
0,1046,0,1046
2092,0,1046,3138
0,418,0,418
836,0,418,1254
0,167,0,167
334,0,167,501
0,67,0,67
134,0,67,201
0,161,0,161
322,0,161,483
0,386,0,386
772,0,386,1158
0,154,0,154
308,0,154,462
0,62,0,62
124,0,62,186
0,124,0,124
248,0,124,372
0,298,0,298
596,0,298,894
0,715,0,715
1430,0,715,2145
0,1716,0,1716
3432,0,1716,5148
0,686,0,686
1372,0,686,2058
0,274,0,274
548,0,274,822
0,110,0,110
220,0,110,330
0,44,0,44
88,0,44,132
0,88,0,88
176,0,88,264
0,35,0,35
70,0,35,105
0,70,0,70
140,0,70,210
0,168,0,168
336,0,168,504
0,67,0,67
134,0,67,201
0,27,0,27
54,0,27,81
0,54,0,54
108,0,54,162
0,108,0,108
216,0,108,324
0,43,0,43
86,0,43,129
0,86,0,86
172,0,86,258
0,34,0,34
68,0,34,102
0,68,0,68
136,0,68,204
0,27,0,27
54,0,27,81
0,54,0,54
108,0,54,162
0,108,0,108
216,0,108,324
0,43,0,43
86,0,43,129
0,86,0,86
172,0,86,258
0,34,0,34
68,0,34,102
0,68,0,68
136,0,68,204
0,27,0,27
54,0,27,81
0,54,0,54
108,0,54,162
0,108,0,108
216,0,108,324
0,43,0,43
86,0,43,129
0,86,0,86
172,0,86,258
0,34,0,34
68,0,34,102
0,68,0,68
136,0,68,204
0,27,0,27
54,0,27,81
0,54,0,54
108,0,54,162
0,108,0,108
216,0,108,324
0,43,0,43
86,0,43,129
0,86,0,86
172,0,86,258
0,34,0,34
68,0,34,102
0,68,0,68
136,0,68,204
0,27,0,27
54,0,27,81
0,54,0,54
108,0,54,162
0,108,0,108
216,0,108,324
0,259,0,259
518,0,259,777
0,104,0,104
208,0,104,312
0,42,0,42
84,0,42,126
0,84,0,84
168,0,84,252
0,202,0,202
404,0,202,606
0,81,0,81
162,0,81,243
0,32,0,32
64,0,32,96
0,64,0,64
128,0,64,192
0,128,0,128
256,0,128,384
0,51,0,51
102,0,51,153
0,102,0,102
204,0,102,306
0,41,0,41
82,0,41,123
0,82,0,82
164,0,82,246
0,33,0,33
66,0,33,99
0,66,0,66
132,0,66,198
0,132,0,132
264,0,132,396
0,53,0,53
106,0,53,159
0,106,0,106
212,0,106,318
0,42,0,42
84,0,42,126
0,84,0,84
168,0,84,252
0,34,0,34
68,0,34,102
0,68,0,68
136,0,68,204
0,27,0,27
54,0,27,81
0,54,0,54
108,0,54,162
0,108,0,108
216,0,108,324
0,43,0,43
86,0,43,129
0,86,0,86
172,0,86,258
0,34,0,34
68,0,34,102
0,68,0,68
136,0,68,204
0,27,0,27
54,0,27,81
0,54,0,54
108,0,54,162
0,108,0,108
216,0,108,324
0,43,0,43
86,0,43,129
0,86,0,86
172,0,86,258
0,34,0,34
68,0,34,102
0,68,0,68
136,0,68,204
0,27,0,27
54,0,27,81
0,54,0,54
108,0,54,162
0,108,0,108
216,0,108,324
0,259,0,259
518,0,259,777
0,104,0,104
208,0,104,312
0,42,0,42
84,0,42,126
0,84,0,84
168,0,84,252
0,202,0,202
404,0,202,606
0,81,0,81
162,0,81,243
0,194,0,194
388,0,194,582
0,78,0,78
156,0,78,234
0,31,0,31
62,0,31,93
0,62,0,62
124,0,62,186
0,124,0,124
248,0,124,372
0,50,0,50
100,0,50,150
0,100,0,100
200,0,100,300
0,40,0,40
80,0,40,120
0,80,0,80
160,0,80,240
0,32,0,32
64,0,32,96
0,64,0,64
128,0,64,192
0,128,0,128
256,0,128,384
0,51,0,51
102,0,51,153
0,102,0,102
204,0,102,306
0,41,0,41
82,0,41,123
0,82,0,82
164,0,82,246
0,197,0,197
394,0,197,591
0,79,0,79
158,0,79,237
0,32,0,32
64,0,32,96
0,64,0,64
128,0,64,192
0,128,0,128
256,0,128,384
0,51,0,51
102,0,51,153
0,102,0,102
204,0,102,306
0,41,0,41
82,0,41,123
0,82,0,82
164,0,82,246
0,33,0,33
66,0,33,99
0,66,0,66
132,0,66,198
0,132,0,132
264,0,132,396
0,53,0,53
106,0,53,159
0,106,0,106
212,0,106,318
0,42,0,42
84,0,42,126
0,84,0,84
168,0,84,252
0,34,0,34
68,0,34,102
0,68,0,68
136,0,68,204
0,27,0,27
54,0,27,81
0,54,0,54
108,0,54,162
0,108,0,108
216,0,108,324
0,43,0,43
86,0,43,129
0,86,0,86
172,0,86,258
0,34,0,34
68,0,34,102
0,68,0,68
136,0,68,204
0,27,0,27
54,0,27,81
0,54,0,54
108,0,54,162
0,108,0,108
216,0,108,324
0,259,0,259
518,0,259,777
0,622,0,622
1244,0,622,1866
0,249,0,249
498,0,249,747
0,598,0,598
1196,0,598,1794
0,239,0,239
478,0,239,717
0,96,0,96
192,0,96,288
0,38,0,38
76,0,38,114
0,76,0,76
152,0,76,228
0,30,0,30
60,0,30,90
0,60,0,60
120,0,60,180
0,120,0,120
240,0,120,360
0,48,0,48
96,0,48,144
0,96,0,96
192,0,96,288
0,230,0,230
460,0,230,690
0,92,0,92
184,0,92,276
0,37,0,37
74,0,37,111
0,74,0,74
148,0,74,222
0,30,0,30
60,0,30,90
0,60,0,60
120,0,60,180
0,120,0,120
240,0,120,360
0,48,0,48
96,0,48,144
0,96,0,96
192,0,96,288
0,38,0,38
76,0,38,114
0,76,0,76
152,0,76,228
0,30,0,30
60,0,30,90
0,60,0,60
120,0,60,180
0,120,0,120
240,0,120,360
0,288,0,288
576,0,288,864
0,115,0,115
230,0,115,345
0,276,0,276
552,0,276,828
0,110,0,110
220,0,110,330
0,44,0,44
88,0,44,132
0,88,0,88
176,0,88,264
0,35,0,35
70,0,35,105
0,70,0,70
140,0,70,210
0,28,0,28
56,0,28,84
0,56,0,56
112,0,56,168
0,112,0,112
224,0,112,336
0,45,0,45
90,0,45,135
0,90,0,90
180,0,90,270
0,36,0,36
72,0,36,108
0,72,0,72
144,0,72,216
0,173,0,173
346,0,173,519
0,69,0,69
138,0,69,207
0,28,0,28
56,0,28,84
0,56,0,56
112,0,56,168
0,112,0,112
224,0,112,336
0,45,0,45
90,0,45,135
0,90,0,90
180,0,90,270
0,36,0,36
72,0,36,108
0,72,0,72
144,0,72,216
0,29,0,29
58,0,29,87
0,58,0,58
116,0,58,174
0,116,0,116
232,0,116,348
0,46,0,46
92,0,46,138
0,92,0,92
184,0,92,276
0,37,0,37
74,0,37,111
0,74,0,74
148,0,74,222
0,30,0,30
60,0,30,90
0,60,0,60
120,0,60,180
0,120,0,120
240,0,120,360
0,288,0,288
576,0,288,864
0,115,0,115
230,0,115,345
0,46,0,46
92,0,46,138
0,92,0,92
184,0,92,276
0,37,0,37
74,0,37,111
0,74,0,74
148,0,74,222
0,30,0,30
60,0,30,90
0,60,0,60
120,0,60,180
0,120,0,120
240,0,120,360
0,48,0,48
96,0,48,144
0,96,0,96
192,0,96,288
0,38,0,38
76,0,38,114
0,76,0,76
152,0,76,228
0,30,0,30
60,0,30,90
0,60,0,60
120,0,60,180
0,120,0,120
240,0,120,360
0,48,0,48
96,0,48,144
0,96,0,96
192,0,96,288
0,230,0,230
460,0,230,690
0,552,0,552
1104,0,552,1656
0,221,0,221
442,0,221,663
0,530,0,530
1060,0,530,1590
0,212,0,212
424,0,212,636
0,85,0,85
170,0,85,255
0,34,0,34
68,0,34,102
0,68,0,68
136,0,68,204
0,27,0,27
54,0,27,81
0,54,0,54
108,0,54,162
0,108,0,108
216,0,108,324
0,259,0,259
518,0,259,777
0,104,0,104
208,0,104,312
0,250,0,250
500,0,250,750
0,600,0,600
1200,0,600,1800
0,240,0,240
480,0,240,720
0,96,0,96
192,0,96,288
0,38,0,38
76,0,38,114
0,76,0,76
152,0,76,228
0,30,0,30
60,0,30,90
0,60,0,60
120,0,60,180
0,120,0,120
240,0,120,360
0,48,0,48
96,0,48,144
0,96,0,96
192,0,96,288
0,38,0,38
76,0,38,114
0,76,0,76
152,0,76,228
0,182,0,182
364,0,182,546
0,73,0,73
146,0,73,219
0,175,0,175
350,0,175,525
0,70,0,70
140,0,70,210
0,28,0,28
56,0,28,84
0,56,0,56
112,0,56,168
0,112,0,112
224,0,112,336
0,45,0,45
90,0,45,135
0,90,0,90
180,0,90,270
0,36,0,36
72,0,36,108
0,72,0,72
144,0,72,216
0,29,0,29
58,0,29,87
0,58,0,58
116,0,58,174
0,116,0,116
232,0,116,348
0,46,0,46
92,0,46,138
0,92,0,92
184,0,92,276
0,221,0,221
442,0,221,663
0,88,0,88
176,0,88,264
0,35,0,35
70,0,35,105
0,70,0,70
140,0,70,210
0,28,0,28
56,0,28,84
0,56,0,56
112,0,56,168
0,112,0,112
224,0,112,336
0,45,0,45
90,0,45,135
0,90,0,90
180,0,90,270
0,216,0,216
432,0,216,648
0,518,0,518
1036,0,518,1554
0,207,0,207
414,0,207,621
0,83,0,83
166,0,83,249
0,33,0,33
66,0,33,99
0,66,0,66
132,0,66,198
0,132,0,132
264,0,132,396
0,53,0,53
106,0,53,159
0,106,0,106
212,0,106,318
0,42,0,42
84,0,42,126
0,84,0,84
168,0,84,252
0,34,0,34
68,0,34,102
0,68,0,68
136,0,68,204
0,27,0,27
54,0,27,81
0,54,0,54
108,0,54,162
0,108,0,108
216,0,108,324
0,43,0,43
86,0,43,129
0,86,0,86
172,0,86,258
0,34,0,34
68,0,34,102
0,68,0,68
136,0,68,204
0,27,0,27
54,0,27,81
0,54,0,54
108,0,54,162
0,108,0,108
216,0,108,324
0,43,0,43
86,0,43,129
0,86,0,86
172,0,86,258
0,34,0,34
68,0,34,102
0,68,0,68
136,0,68,204
0,27,0,27
54,0,27,81
0,54,0,54
108,0,54,162
0,108,0,108
216,0,108,324
0,43,0,43
86,0,43,129
0,86,0,86
172,0,86,258
0,34,0,34
68,0,34,102
0,68,0,68
136,0,68,204
0,27,0,27
54,0,27,81
0,54,0,54
108,0,54,162
0,108,0,108
216,0,108,324
0,43,0,43
86,0,43,129
0,86,0,86
172,0,86,258
0,34,0,34
68,0,34,102
0,68,0,68
136,0,68,204
0,27,0,27
54,0,27,81
0,54,0,54
108,0,54,162
0,108,0,108
216,0,108,324
0,259,0,259
518,0,259,777
0,104,0,104
208,0,104,312
0,42,0,42
84,0,42,126
0,84,0,84
168,0,84,252
0,34,0,34
68,0,34,102
0,68,0,68
136,0,68,204
0,27,0,27
54,0,27,81
0,54,0,54
108,0,54,162
0,108,0,108
216,0,108,324
0,259,0,259
518,0,259,777
0,104,0,104
208,0,104,312
0,42,0,42
84,0,42,126
0,84,0,84
168,0,84,252
0,34,0,34
68,0,34,102
0,68,0,68
136,0,68,204
0,163,0,163
326,0,163,489
0,65,0,65
130,0,65,195
0,130,0,130
260,0,130,390
0,52,0,52
104,0,52,156
0,104,0,104
208,0,104,312
0,250,0,250
500,0,250,750
0,100,0,100
200,0,100,300
0,240,0,240
480,0,240,720
0,96,0,96
192,0,96,288
0,38,0,38
76,0,38,114
0,76,0,76
152,0,76,228
0,30,0,30
60,0,30,90
0,60,0,60
120,0,60,180
0,120,0,120
240,0,120,360
0,48,0,48
96,0,48,144
0,96,0,96
192,0,96,288
0,38,0,38
76,0,38,114
0,76,0,76
152,0,76,228
0,30,0,30
60,0,30,90
0,60,0,60
120,0,60,180
0,120,0,120
240,0,120,360
0,48,0,48
96,0,48,144
0,96,0,96
192,0,96,288
0,230,0,230
460,0,230,690
0,92,0,92
184,0,92,276
0,37,0,37
74,0,37,111
0,74,0,74
148,0,74,222
0,30,0,30
60,0,30,90
0,60,0,60
120,0,60,180
0,120,0,120
240,0,120,360
0,48,0,48
96,0,48,144
0,96,0,96
192,0,96,288
0,38,0,38
76,0,38,114
0,76,0,76
152,0,76,228
0,182,0,182
364,0,182,546
0,73,0,73
146,0,73,219
0,29,0,29
58,0,29,87
0,58,0,58
116,0,58,174
0,116,0,116
232,0,116,348
0,46,0,46
92,0,46,138
0,92,0,92
184,0,92,276
0,37,0,37
74,0,37,111
0,74,0,74
148,0,74,222
0,30,0,30
60,0,30,90
0,60,0,60
120,0,60,180
0,120,0,120
240,0,120,360
0,48,0,48
96,0,48,144
0,96,0,96
192,0,96,288
0,38,0,38
76,0,38,114
0,76,0,76
152,0,76,228
0,182,0,182
364,0,182,546
0,437,0,437
874,0,437,1311
0,1049,0,1049
2098,0,1049,3147
0,420,0,420
840,0,420,1260
0,168,0,168
336,0,168,504
0,67,0,67
134,0,67,201
0,161,0,161
322,0,161,483
0,64,0,64
128,0,64,192
0,128,0,128
256,0,128,384
0,51,0,51
102,0,51,153
0,102,0,102
204,0,102,306
0,41,0,41
82,0,41,123
0,82,0,82
164,0,82,246
0,33,0,33
66,0,33,99
0,66,0,66
132,0,66,198
0,132,0,132
264,0,132,396
0,53,0,53
106,0,53,159
0,106,0,106
212,0,106,318
0,42,0,42
84,0,42,126
0,84,0,84
168,0,84,252
0,34,0,34
68,0,34,102
0,68,0,68
136,0,68,204
0,27,0,27
54,0,27,81
0,54,0,54
108,0,54,162
0,108,0,108
216,0,108,324
0,43,0,43
86,0,43,129
0,86,0,86
172,0,86,258
0,206,0,206
412,0,206,618
0,82,0,82
164,0,82,246
0,33,0,33
66,0,33,99
0,66,0,66
132,0,66,198
0,132,0,132
264,0,132,396
0,53,0,53
106,0,53,159
0,106,0,106
212,0,106,318
0,42,0,42
84,0,42,126
0,84,0,84
168,0,84,252
0,34,0,34
68,0,34,102
0,68,0,68
136,0,68,204
0,27,0,27
54,0,27,81
0,54,0,54
108,0,54,162
0,108,0,108
216,0,108,324
0,43,0,43
86,0,43,129
0,86,0,86
172,0,86,258
0,34,0,34
68,0,34,102
0,68,0,68
136,0,68,204
0,27,0,27
54,0,27,81
0,54,0,54
108,0,54,162
0,108,0,108
216,0,108,324
0,43,0,43
86,0,43,129
0,86,0,86
172,0,86,258
0,34,0,34
68,0,34,102
0,68,0,68
136,0,68,204
0,27,0,27
54,0,27,81
0,54,0,54
108,0,54,162
0,108,0,108
216,0,108,324
0,43,0,43
86,0,43,129
0,86,0,86
172,0,86,258
0,34,0,34
68,0,34,102
0,68,0,68
136,0,68,204
0,163,0,163
326,0,163,489
0,65,0,65
130,0,65,195
0,130,0,130
260,0,130,390
0,52,0,52
104,0,52,156
0,104,0,104
208,0,104,312
0,42,0,42
84,0,42,126
0,84,0,84
168,0,84,252
0,34,0,34
68,0,34,102
0,68,0,68
136,0,68,204
0,163,0,163
326,0,163,489
0,391,0,391
782,0,391,1173
0,156,0,156
312,0,156,468
0,62,0,62
124,0,62,186
0,124,0,124
248,0,124,372
0,50,0,50
100,0,50,150
0,100,0,100
200,0,100,300
0,40,0,40
80,0,40,120
0,80,0,80
160,0,80,240
0,192,0,192
384,0,192,576
0,77,0,77
154,0,77,231
0,31,0,31
62,0,31,93
0,62,0,62
124,0,62,186
0,124,0,124
248,0,124,372
0,50,0,50
100,0,50,150
0,100,0,100
200,0,100,300
0,240,0,240
480,0,240,720
0,96,0,96
192,0,96,288
0,38,0,38
76,0,38,114
0,76,0,76
152,0,76,228
0,30,0,30
60,0,30,90
0,60,0,60
120,0,60,180
0,120,0,120
240,0,120,360
0,48,0,48
96,0,48,144
0,96,0,96
192,0,96,288
0,38,0,38
76,0,38,114
0,76,0,76
152,0,76,228
0,30,0,30
60,0,30,90
0,60,0,60
120,0,60,180
0,120,0,120
240,0,120,360
0,48,0,48
96,0,48,144
0,96,0,96
192,0,96,288
0,38,0,38
76,0,38,114
0,76,0,76
152,0,76,228
0,30,0,30
60,0,30,90
0,60,0,60
120,0,60,180
0,120,0,120
240,0,120,360
0,288,0,288
576,0,288,864
0,115,0,115
230,0,115,345
0,46,0,46
92,0,46,138
0,92,0,92
184,0,92,276
0,37,0,37
74,0,37,111
0,74,0,74
148,0,74,222
0,30,0,30
60,0,30,90
0,60,0,60
120,0,60,180
0,120,0,120
240,0,120,360
0,48,0,48
96,0,48,144
0,96,0,96
192,0,96,288
0,38,0,38
76,0,38,114
0,76,0,76
152,0,76,228
0,30,0,30
60,0,30,90
0,60,0,60
120,0,60,180
0,120,0,120
240,0,120,360
0,48,0,48
96,0,48,144
0,96,0,96
192,0,96,288
0,230,0,230
460,0,230,690
0,92,0,92
184,0,92,276
0,37,0,37
74,0,37,111
0,74,0,74
148,0,74,222
0,30,0,30
60,0,30,90
0,60,0,60
120,0,60,180
0,120,0,120
240,0,120,360
0,288,0,288
576,0,288,864
0,115,0,115
230,0,115,345
0,46,0,46
92,0,46,138
0,92,0,92
184,0,92,276
0,221,0,221
442,0,221,663
0,88,0,88
176,0,88,264
0,35,0,35
70,0,35,105
0,70,0,70
140,0,70,210
0,28,0,28
56,0,28,84
0,56,0,56
112,0,56,168
0,112,0,112
224,0,112,336
0,45,0,45
90,0,45,135
0,90,0,90
180,0,90,270
0,36,0,36
72,0,36,108
0,72,0,72
144,0,72,216
0,29,0,29
58,0,29,87
0,58,0,58
116,0,58,174
0,116,0,116
232,0,116,348
0,46,0,46
92,0,46,138
0,92,0,92
184,0,92,276
0,37,0,37
74,0,37,111
0,74,0,74
148,0,74,222
0,30,0,30
60,0,30,90
0,60,0,60
120,0,60,180
0,120,0,120
240,0,120,360
0,48,0,48
96,0,48,144
0,96,0,96
192,0,96,288
0,230,0,230
460,0,230,690
0,92,0,92
184,0,92,276
0,37,0,37
74,0,37,111
0,74,0,74
148,0,74,222
0,30,0,30
60,0,30,90
0,60,0,60
120,0,60,180
0,120,0,120
240,0,120,360
0,48,0,48
96,0,48,144
0,96,0,96
192,0,96,288
0,230,0,230
460,0,230,690
0,92,0,92
184,0,92,276
0,37,0,37
74,0,37,111
0,74,0,74
148,0,74,222
0,30,0,30
60,0,30,90
0,60,0,60
120,0,60,180
0,120,0,120
240,0,120,360
0,48,0,48
96,0,48,144
0,96,0,96
192,0,96,288
0,38,0,38
76,0,38,114
0,76,0,76
152,0,76,228
0,30,0,30
60,0,30,90
0,60,0,60
120,0,60,180
0,120,0,120
240,0,120,360
0,48,0,48
96,0,48,144
0,96,0,96
192,0,96,288
0,230,0,230
460,0,230,690
0,92,0,92
184,0,92,276
0,221,0,221
442,0,221,663
0,88,0,88
176,0,88,264
0,35,0,35
70,0,35,105
0,70,0,70
140,0,70,210
0,28,0,28
56,0,28,84
0,56,0,56
112,0,56,168
0,112,0,112
224,0,112,336
0,45,0,45
90,0,45,135
0,90,0,90
180,0,90,270
0,36,0,36
72,0,36,108
0,72,0,72
144,0,72,216
0,29,0,29
58,0,29,87
0,58,0,58
116,0,58,174
0,116,0,116
232,0,116,348
0,46,0,46
92,0,46,138
0,92,0,92
184,0,92,276
0,37,0,37
74,0,37,111
0,74,0,74
148,0,74,222
0,178,0,178
356,0,178,534
0,71,0,71
142,0,71,213
0,28,0,28
56,0,28,84
0,56,0,56
112,0,56,168
0,112,0,112
224,0,112,336
0,45,0,45
90,0,45,135
0,90,0,90
180,0,90,270
0,36,0,36
72,0,36,108
0,72,0,72
144,0,72,216
0,173,0,173
346,0,173,519
0,415,0,415
830,0,415,1245
0,166,0,166
332,0,166,498
0,398,0,398
796,0,398,1194
0,159,0,159
318,0,159,477
0,64,0,64
128,0,64,192
0,128,0,128
256,0,128,384
0,51,0,51
102,0,51,153
0,102,0,102
204,0,102,306
0,41,0,41
82,0,41,123
0,82,0,82
164,0,82,246
0,197,0,197
394,0,197,591
0,79,0,79
158,0,79,237
0,190,0,190
380,0,190,570
0,76,0,76
152,0,76,228
0,182,0,182
364,0,182,546
0,437,0,437
874,0,437,1311
0,175,0,175
350,0,175,525
0,70,0,70
140,0,70,210
0,168,0,168
336,0,168,504
0,67,0,67
134,0,67,201
0,27,0,27
54,0,27,81
0,54,0,54
108,0,54,162
0,108,0,108
216,0,108,324
0,43,0,43
86,0,43,129
0,86,0,86
172,0,86,258
0,34,0,34
68,0,34,102
0,68,0,68
136,0,68,204
0,163,0,163
326,0,163,489
0,65,0,65
130,0,65,195
0,130,0,130
260,0,130,390
0,312,0,312
624,0,312,936
0,749,0,749
1498,0,749,2247
0,1798,0,1798
3596,0,1798,5394
0,719,0,719
1438,0,719,2157
0,1726,0,1726
3452,0,1726,5178
0,4142,0,4142
8284,0,4142,12426
0,9941,0,9941
19882,0,9941,29823
0,23858,0,23858
47716,0,23858,71574
0,9543,0,9543
19086,0,9543,28629
0,3817,0,3817
7634,0,3817,11451
0,9161,0,9161
18322,0,9161,27483
0,3664,0,3664
7328,0,3664,10992
0,1466,0,1466
2932,0,1466,4398
0,586,0,586
1172,0,586,1758
0,234,0,234
468,0,234,702
0,94,0,94
188,0,94,282
0,38,0,38
76,0,38,114
0,76,0,76
152,0,76,228
0,30,0,30
60,0,30,90
0,60,0,60
120,0,60,180
0,120,0,120
240,0,120,360
0,48,0,48
96,0,48,144
0,96,0,96
192,0,96,288
0,38,0,38
76,0,38,114
0,76,0,76
152,0,76,228
0,30,0,30
60,0,30,90
0,60,0,60
120,0,60,180
0,120,0,120
240,0,120,360
0,48,0,48
96,0,48,144
0,96,0,96
192,0,96,288
0,230,0,230
460,0,230,690
0,92,0,92
184,0,92,276
0,37,0,37
74,0,37,111
0,74,0,74
148,0,74,222
0,30,0,30
60,0,30,90
0,60,0,60
120,0,60,180
0,120,0,120
240,0,120,360
0,288,0,288
576,0,288,864
0,115,0,115
230,0,115,345
0,46,0,46
92,0,46,138
0,92,0,92
184,0,92,276
0,221,0,221
442,0,221,663
0,88,0,88
176,0,88,264
0,35,0,35
70,0,35,105
0,70,0,70
140,0,70,210
0,28,0,28
56,0,28,84
0,56,0,56
112,0,56,168
0,112,0,112
224,0,112,336
0,45,0,45
90,0,45,135
0,90,0,90
180,0,90,270
0,36,0,36
72,0,36,108
0,72,0,72
144,0,72,216
0,173,0,173
346,0,173,519
0,415,0,415
830,0,415,1245
0,166,0,166
332,0,166,498
0,66,0,66
132,0,66,198
0,132,0,132
264,0,132,396
0,53,0,53
106,0,53,159
0,106,0,106
212,0,106,318
0,254,0,254
508,0,254,762
0,610,0,610
1220,0,610,1830
0,244,0,244
488,0,244,732
0,98,0,98
196,0,98,294
0,39,0,39
78,0,39,117
0,78,0,78
156,0,78,234
0,31,0,31
62,0,31,93
0,62,0,62
124,0,62,186
0,124,0,124
248,0,124,372
0,50,0,50
100,0,50,150
0,100,0,100
200,0,100,300
0,40,0,40
80,0,40,120
0,80,0,80
160,0,80,240
0,32,0,32
64,0,32,96
0,64,0,64
128,0,64,192
0,128,0,128
256,0,128,384
0,51,0,51
102,0,51,153
0,102,0,102
204,0,102,306
0,41,0,41
82,0,41,123
0,82,0,82
164,0,82,246
0,197,0,197
394,0,197,591
0,79,0,79
158,0,79,237
0,32,0,32
64,0,32,96
0,64,0,64
128,0,64,192
0,128,0,128
256,0,128,384
0,51,0,51
102,0,51,153
0,102,0,102
204,0,102,306
0,41,0,41
82,0,41,123
0,82,0,82
164,0,82,246
0,33,0,33
66,0,33,99
0,66,0,66
132,0,66,198
0,132,0,132
264,0,132,396
0,53,0,53
106,0,53,159
0,106,0,106
212,0,106,318
0,42,0,42
84,0,42,126
0,84,0,84
168,0,84,252
0,202,0,202
404,0,202,606
0,81,0,81
162,0,81,243
0,32,0,32
64,0,32,96
0,64,0,64
128,0,64,192
0,128,0,128
256,0,128,384
0,51,0,51
102,0,51,153
0,102,0,102
204,0,102,306
0,41,0,41
82,0,41,123
0,82,0,82
164,0,82,246
0,33,0,33
66,0,33,99
0,66,0,66
132,0,66,198
0,132,0,132
264,0,132,396
0,53,0,53
106,0,53,159
0,106,0,106
212,0,106,318
0,42,0,42
84,0,42,126
0,84,0,84
168,0,84,252
0,34,0,34
68,0,34,102
0,68,0,68
136,0,68,204
0,163,0,163
326,0,163,489
0,65,0,65
130,0,65,195
0,130,0,130
260,0,130,390
0,52,0,52
104,0,52,156
0,104,0,104
208,0,104,312
0,42,0,42
84,0,42,126
0,84,0,84
168,0,84,252
0,34,0,34
68,0,34,102
0,68,0,68
136,0,68,204
0,163,0,163
326,0,163,489
0,65,0,65
130,0,65,195
0,130,0,130
260,0,130,390
0,52,0,52
104,0,52,156
0,104,0,104
208,0,104,312
0,42,0,42
84,0,42,126
0,84,0,84
168,0,84,252
0,202,0,202
404,0,202,606
0,81,0,81
162,0,81,243
0,32,0,32
64,0,32,96
0,64,0,64
128,0,64,192
0,128,0,128
256,0,128,384
0,51,0,51
102,0,51,153
0,102,0,102
204,0,102,306
0,41,0,41
82,0,41,123
0,82,0,82
164,0,82,246
0,33,0,33
66,0,33,99
0,66,0,66
132,0,66,198
0,132,0,132
264,0,132,396
0,53,0,53
106,0,53,159
0,106,0,106
212,0,106,318
0,42,0,42
84,0,42,126
0,84,0,84
168,0,84,252
0,34,0,34
68,0,34,102
0,68,0,68
136,0,68,204
0,27,0,27
54,0,27,81
0,54,0,54
108,0,54,162
0,108,0,108
216,0,108,324
0,259,0,259
518,0,259,777
0,104,0,104
208,0,104,312
0,250,0,250
500,0,250,750
0,100,0,100
200,0,100,300
0,40,0,40
80,0,40,120
0,80,0,80
160,0,80,240
0,192,0,192
384,0,192,576
0,77,0,77
154,0,77,231
0,31,0,31
62,0,31,93
0,62,0,62
124,0,62,186
0,124,0,124
248,0,124,372
0,50,0,50
100,0,50,150
0,100,0,100
200,0,100,300
0,40,0,40
80,0,40,120
0,80,0,80
160,0,80,240
0,192,0,192
384,0,192,576
0,77,0,77
154,0,77,231
0,185,0,185
370,0,185,555
0,74,0,74
148,0,74,222
0,30,0,30
60,0,30,90
0,60,0,60
120,0,60,180
0,120,0,120
240,0,120,360
0,48,0,48
96,0,48,144
0,96,0,96
192,0,96,288
0,38,0,38
76,0,38,114
0,76,0,76
152,0,76,228
0,30,0,30
60,0,30,90
0,60,0,60
120,0,60,180
0,120,0,120
240,0,120,360
0,48,0,48
96,0,48,144
0,96,0,96
192,0,96,288
0,38,0,38
76,0,38,114
0,76,0,76
152,0,76,228
0,30,0,30
60,0,30,90
0,60,0,60
120,0,60,180
0,120,0,120
240,0,120,360
0,288,0,288
576,0,288,864
0,691,0,691
1382,0,691,2073
0,276,0,276
552,0,276,828
0,110,0,110
220,0,110,330
0,44,0,44
88,0,44,132
0,88,0,88
176,0,88,264
0,35,0,35
70,0,35,105
0,70,0,70
140,0,70,210
0,28,0,28
56,0,28,84
0,56,0,56
112,0,56,168
0,112,0,112
224,0,112,336
0,45,0,45
90,0,45,135
0,90,0,90
180,0,90,270
0,36,0,36
72,0,36,108
0,72,0,72
144,0,72,216
0,29,0,29
58,0,29,87
0,58,0,58
116,0,58,174
0,116,0,116
232,0,116,348
0,46,0,46
92,0,46,138
0,92,0,92
184,0,92,276
0,221,0,221
442,0,221,663
0,88,0,88
176,0,88,264
0,35,0,35
70,0,35,105
0,70,0,70
140,0,70,210
0,168,0,168
336,0,168,504
0,67,0,67
134,0,67,201
0,27,0,27
54,0,27,81
0,54,0,54
108,0,54,162
0,108,0,108
216,0,108,324
0,43,0,43
86,0,43,129
0,86,0,86
172,0,86,258
0,34,0,34
68,0,34,102
0,68,0,68
136,0,68,204
0,27,0,27
54,0,27,81
0,54,0,54
108,0,54,162
0,108,0,108
216,0,108,324
0,43,0,43
86,0,43,129
0,86,0,86
172,0,86,258
0,34,0,34
68,0,34,102
0,68,0,68
136,0,68,204
0,27,0,27
54,0,27,81
0,54,0,54
108,0,54,162
0,108,0,108
216,0,108,324
0,43,0,43
86,0,43,129
0,86,0,86
172,0,86,258
0,34,0,34
68,0,34,102
0,68,0,68
136,0,68,204
0,163,0,163
326,0,163,489
0,65,0,65
130,0,65,195
0,130,0,130
260,0,130,390
0,52,0,52
104,0,52,156
0,104,0,104
208,0,104,312
0,42,0,42
84,0,42,126
0,84,0,84
168,0,84,252
0,34,0,34
68,0,34,102
0,68,0,68
136,0,68,204
0,163,0,163
326,0,163,489
0,65,0,65
130,0,65,195
0,130,0,130
260,0,130,390
0,52,0,52
104,0,52,156
0,104,0,104
208,0,104,312
0,42,0,42
84,0,42,126
0,84,0,84
168,0,84,252
0,34,0,34
68,0,34,102
0,68,0,68
136,0,68,204
0,163,0,163
326,0,163,489
0,65,0,65
130,0,65,195
0,130,0,130
260,0,130,390
0,312,0,312
624,0,312,936
0,125,0,125
250,0,125,375
0,50,0,50
100,0,50,150
0,100,0,100
200,0,100,300
0,40,0,40
80,0,40,120
0,80,0,80
160,0,80,240
0,192,0,192
384,0,192,576
0,77,0,77
154,0,77,231
0,185,0,185
370,0,185,555
0,74,0,74
148,0,74,222
0,178,0,178
356,0,178,534
0,71,0,71
142,0,71,213
0,28,0,28
56,0,28,84
0,56,0,56
112,0,56,168
0,112,0,112
224,0,112,336
0,45,0,45
90,0,45,135
0,90,0,90
180,0,90,270
0,36,0,36
72,0,36,108
0,72,0,72
144,0,72,216
0,29,0,29
58,0,29,87
0,58,0,58
116,0,58,174
0,116,0,116
232,0,116,348
0,46,0,46
92,0,46,138
0,92,0,92
184,0,92,276
0,37,0,37
74,0,37,111
0,74,0,74
148,0,74,222
0,30,0,30
60,0,30,90
0,60,0,60
120,0,60,180
0,120,0,120
240,0,120,360
0,48,0,48
96,0,48,144
0,96,0,96
192,0,96,288
0,230,0,230
460,0,230,690
0,552,0,552
1104,0,552,1656
0,1325,0,1325
2650,0,1325,3975
0,3180,0,3180
6360,0,3180,9540
0,1272,0,1272
2544,0,1272,3816
0,509,0,509
1018,0,509,1527
0,204,0,204
408,0,204,612
0,82,0,82
164,0,82,246
0,33,0,33
66,0,33,99
0,66,0,66
132,0,66,198
0,132,0,132
264,0,132,396
0,53,0,53
106,0,53,159
0,106,0,106
212,0,106,318
0,42,0,42
84,0,42,126
0,84,0,84
168,0,84,252
0,34,0,34
68,0,34,102
0,68,0,68
136,0,68,204
0,163,0,163
326,0,163,489
0,65,0,65
130,0,65,195
0,130,0,130
260,0,130,390
0,312,0,312
624,0,312,936
0,125,0,125
250,0,125,375
0,50,0,50
100,0,50,150
0,100,0,100
200,0,100,300
0,40,0,40
80,0,40,120
0,80,0,80
160,0,80,240
0,32,0,32
64,0,32,96
0,64,0,64
128,0,64,192
0,128,0,128
256,0,128,384
0,51,0,51
102,0,51,153
0,102,0,102
204,0,102,306
0,41,0,41
82,0,41,123
0,82,0,82
164,0,82,246
0,33,0,33
66,0,33,99
0,66,0,66
132,0,66,198
0,132,0,132
264,0,132,396
0,317,0,317
634,0,317,951
0,127,0,127
254,0,127,381
0,51,0,51
102,0,51,153
0,102,0,102
204,0,102,306
0,41,0,41
82,0,41,123
0,82,0,82
164,0,82,246
0,33,0,33
66,0,33,99
0,66,0,66
132,0,66,198
0,132,0,132
264,0,132,396
0,317,0,317
634,0,317,951
0,127,0,127
254,0,127,381
0,51,0,51
102,0,51,153
0,102,0,102
204,0,102,306
0,41,0,41
82,0,41,123
0,82,0,82
164,0,82,246
0,197,0,197
394,0,197,591
0,79,0,79
158,0,79,237
0,32,0,32
64,0,32,96
0,64,0,64
128,0,64,192
0,128,0,128
256,0,128,384
0,51,0,51
102,0,51,153
0,102,0,102
204,0,102,306
0,41,0,41
82,0,41,123
0,82,0,82
164,0,82,246
0,33,0,33
66,0,33,99
0,66,0,66
132,0,66,198
0,132,0,132
264,0,132,396
0,53,0,53
106,0,53,159
0,106,0,106
212,0,106,318
0,42,0,42
84,0,42,126
0,84,0,84
168,0,84,252
0,34,0,34
68,0,34,102
0,68,0,68
136,0,68,204
0,27,0,27
54,0,27,81
0,54,0,54
108,0,54,162
0,108,0,108
216,0,108,324
0,43,0,43
86,0,43,129
0,86,0,86
172,0,86,258
0,34,0,34
68,0,34,102
0,68,0,68
136,0,68,204
0,27,0,27
54,0,27,81
0,54,0,54
108,0,54,162
0,108,0,108
216,0,108,324
0,43,0,43
86,0,43,129
0,86,0,86
172,0,86,258
0,34,0,34
68,0,34,102
0,68,0,68
136,0,68,204
0,163,0,163
326,0,163,489
0,65,0,65
130,0,65,195
0,130,0,130
260,0,130,390
0,52,0,52
104,0,52,156
0,104,0,104
208,0,104,312
0,42,0,42
84,0,42,126
0,84,0,84
168,0,84,252
0,34,0,34
68,0,34,102
0,68,0,68
136,0,68,204
0,27,0,27
54,0,27,81
0,54,0,54
108,0,54,162
0,108,0,108
216,0,108,324
0,43,0,43
86,0,43,129
0,86,0,86
172,0,86,258
0,206,0,206
412,0,206,618
0,494,0,494
988,0,494,1482
0,1186,0,1186
2372,0,1186,3558
0,474,0,474
948,0,474,1422
0,1138,0,1138
2276,0,1138,3414
0,2731,0,2731
5462,0,2731,8193
0,1092,0,1092
2184,0,1092,3276
0,2621,0,2621
5242,0,2621,7863
0,6290,0,6290
12580,0,6290,18870
0,2516,0,2516
5032,0,2516,7548
0,1006,0,1006
2012,0,1006,3018
0,402,0,402
804,0,402,1206
0,161,0,161
322,0,161,483
0,386,0,386
772,0,386,1158
0,926,0,926
1852,0,926,2778
0,2222,0,2222
4444,0,2222,6666
0,889,0,889
1778,0,889,2667
0,2134,0,2134
4268,0,2134,6402
0,5122,0,5122
10244,0,5122,15366
0,12293,0,12293
24586,0,12293,36879
0,4917,0,4917
9834,0,4917,14751
0,11801,0,11801
23602,0,11801,35403
0,4720,0,4720
9440,0,4720,14160
0,1888,0,1888
3776,0,1888,5664
0,755,0,755
1510,0,755,2265
0,302,0,302
604,0,302,906
0,121,0,121
242,0,121,363
0,48,0,48
96,0,48,144
0,96,0,96
192,0,96,288
0,38,0,38
76,0,38,114
0,76,0,76
152,0,76,228
0,30,0,30
60,0,30,90
0,60,0,60
120,0,60,180
0,120,0,120
240,0,120,360
0,48,0,48
96,0,48,144
0,96,0,96
192,0,96,288
0,230,0,230
460,0,230,690
0,92,0,92
184,0,92,276
0,37,0,37
74,0,37,111
0,74,0,74
148,0,74,222
0,30,0,30
60,0,30,90
0,60,0,60
120,0,60,180
0,120,0,120
240,0,120,360
0,288,0,288
576,0,288,864
0,115,0,115
230,0,115,345
0,46,0,46
92,0,46,138
0,92,0,92
184,0,92,276
0,221,0,221
442,0,221,663
0,88,0,88
176,0,88,264
0,211,0,211
422,0,211,633
0,84,0,84
168,0,84,252
0,202,0,202
404,0,202,606
0,81,0,81
162,0,81,243
0,194,0,194
388,0,194,582
0,78,0,78
156,0,78,234
0,31,0,31
62,0,31,93
0,62,0,62
124,0,62,186
0,124,0,124
248,0,124,372
0,298,0,298
596,0,298,894
0,119,0,119
238,0,119,357
0,286,0,286
572,0,286,858
0,114,0,114
228,0,114,342
0,46,0,46
92,0,46,138
0,92,0,92
184,0,92,276
0,37,0,37
74,0,37,111
0,74,0,74
148,0,74,222
0,30,0,30
60,0,30,90
0,60,0,60
120,0,60,180
0,120,0,120
240,0,120,360
0,48,0,48
96,0,48,144
0,96,0,96
192,0,96,288
0,38,0,38
76,0,38,114
0,76,0,76
152,0,76,228
0,30,0,30
60,0,30,90
0,60,0,60
120,0,60,180
0,120,0,120
240,0,120,360
0,288,0,288
576,0,288,864
0,115,0,115
230,0,115,345
0,46,0,46
92,0,46,138
0,92,0,92
184,0,92,276
0,37,0,37
74,0,37,111
0,74,0,74
148,0,74,222
0,30,0,30
60,0,30,90
0,60,0,60
120,0,60,180
0,120,0,120
240,0,120,360
0,48,0,48
96,0,48,144
0,96,0,96
192,0,96,288
0,38,0,38
76,0,38,114
0,76,0,76
152,0,76,228
0,30,0,30
60,0,30,90
0,60,0,60
120,0,60,180
0,120,0,120
240,0,120,360
0,288,0,288
576,0,288,864
0,115,0,115
230,0,115,345
0,46,0,46
92,0,46,138
0,92,0,92
184,0,92,276
0,221,0,221
442,0,221,663
0,88,0,88
176,0,88,264
0,35,0,35
70,0,35,105
0,70,0,70
140,0,70,210
0,28,0,28
56,0,28,84
0,56,0,56
112,0,56,168
0,112,0,112
224,0,112,336
0,45,0,45
90,0,45,135
0,90,0,90
180,0,90,270
0,36,0,36
72,0,36,108
0,72,0,72
144,0,72,216
0,173,0,173
346,0,173,519
0,69,0,69
138,0,69,207
0,28,0,28
56,0,28,84
0,56,0,56
112,0,56,168
0,112,0,112
224,0,112,336
0,45,0,45
90,0,45,135
0,90,0,90
180,0,90,270
0,36,0,36
72,0,36,108
0,72,0,72
144,0,72,216
0,173,0,173
346,0,173,519
0,69,0,69
138,0,69,207
0,28,0,28
56,0,28,84
0,56,0,56
112,0,56,168
0,112,0,112
224,0,112,336
0,269,0,269
538,0,269,807
0,108,0,108
216,0,108,324
0,259,0,259
518,0,259,777
0,104,0,104
208,0,104,312
0,42,0,42
84,0,42,126
0,84,0,84
168,0,84,252
0,34,0,34
68,0,34,102
0,68,0,68
136,0,68,204
0,27,0,27
54,0,27,81
0,54,0,54
108,0,54,162
0,108,0,108
216,0,108,324
0,43,0,43
86,0,43,129
0,86,0,86
172,0,86,258
0,34,0,34
68,0,34,102
0,68,0,68
136,0,68,204
0,163,0,163
326,0,163,489
0,65,0,65
130,0,65,195
0,130,0,130
260,0,130,390
0,52,0,52
104,0,52,156
0,104,0,104
208,0,104,312
0,250,0,250
500,0,250,750
0,100,0,100
200,0,100,300
0,40,0,40
80,0,40,120
0,80,0,80
160,0,80,240
0,32,0,32
64,0,32,96
0,64,0,64
128,0,64,192
0,128,0,128
256,0,128,384
0,51,0,51
102,0,51,153
0,102,0,102
204,0,102,306
0,41,0,41
82,0,41,123
0,82,0,82
164,0,82,246
0,33,0,33
66,0,33,99
0,66,0,66
132,0,66,198
0,132,0,132
264,0,132,396
0,53,0,53
106,0,53,159
0,106,0,106
212,0,106,318
0,42,0,42
84,0,42,126
0,84,0,84
168,0,84,252
0,34,0,34
68,0,34,102
0,68,0,68
136,0,68,204
0,27,0,27
54,0,27,81
0,54,0,54
108,0,54,162
0,108,0,108
216,0,108,324
0,43,0,43
86,0,43,129
0,86,0,86
172,0,86,258
0,206,0,206
412,0,206,618
0,82,0,82
164,0,82,246
0,197,0,197
394,0,197,591
0,473,0,473
946,0,473,1419
0,1135,0,1135
2270,0,1135,3405
0,454,0,454
908,0,454,1362
0,1090,0,1090
2180,0,1090,3270
0,2616,0,2616
5232,0,2616,7848
0,1046,0,1046
2092,0,1046,3138
0,418,0,418
836,0,418,1254
0,167,0,167
334,0,167,501
0,67,0,67
134,0,67,201
0,27,0,27
54,0,27,81
0,54,0,54
108,0,54,162
0,108,0,108
216,0,108,324
0,43,0,43
86,0,43,129
0,86,0,86
172,0,86,258
0,206,0,206
412,0,206,618
0,494,0,494
988,0,494,1482
0,198,0,198
396,0,198,594
0,79,0,79
158,0,79,237
0,32,0,32
64,0,32,96
0,64,0,64
128,0,64,192
0,128,0,128
256,0,128,384
0,51,0,51
102,0,51,153
0,102,0,102
204,0,102,306
0,41,0,41
82,0,41,123
0,82,0,82
164,0,82,246
0,197,0,197
394,0,197,591
0,79,0,79
158,0,79,237
0,190,0,190
380,0,190,570
0,76,0,76
152,0,76,228
0,30,0,30
60,0,30,90
0,60,0,60
120,0,60,180
0,120,0,120
240,0,120,360
0,288,0,288
576,0,288,864
0,115,0,115
230,0,115,345
0,46,0,46
92,0,46,138
0,92,0,92
184,0,92,276
0,37,0,37
74,0,37,111
0,74,0,74
148,0,74,222
0,30,0,30
60,0,30,90
0,60,0,60
120,0,60,180
0,120,0,120
240,0,120,360
0,48,0,48
96,0,48,144
0,96,0,96
192,0,96,288
0,230,0,230
460,0,230,690
0,552,0,552
1104,0,552,1656
0,221,0,221
442,0,221,663
0,88,0,88
176,0,88,264
0,35,0,35
70,0,35,105
0,70,0,70
140,0,70,210
0,28,0,28
56,0,28,84
0,56,0,56
112,0,56,168
0,112,0,112
224,0,112,336
0,45,0,45
90,0,45,135
0,90,0,90
180,0,90,270
0,36,0,36
72,0,36,108
0,72,0,72
144,0,72,216
0,173,0,173
346,0,173,519
0,69,0,69
138,0,69,207
0,28,0,28
56,0,28,84
0,56,0,56
112,0,56,168
0,112,0,112
224,0,112,336
0,45,0,45
90,0,45,135
0,90,0,90
180,0,90,270
0,36,0,36
72,0,36,108
0,72,0,72
144,0,72,216
0,29,0,29
58,0,29,87
0,58,0,58
116,0,58,174
0,116,0,116
232,0,116,348
0,278,0,278
556,0,278,834
0,111,0,111
222,0,111,333
0,44,0,44
88,0,44,132
0,88,0,88
176,0,88,264
0,35,0,35
70,0,35,105
0,70,0,70
140,0,70,210
0,28,0,28
56,0,28,84
0,56,0,56
112,0,56,168
0,112,0,112
224,0,112,336
0,45,0,45
90,0,45,135
0,90,0,90
180,0,90,270
0,216,0,216
432,0,216,648
0,86,0,86
172,0,86,258
0,34,0,34
68,0,34,102
0,68,0,68
136,0,68,204
0,163,0,163
326,0,163,489
0,65,0,65
130,0,65,195
0,130,0,130
260,0,130,390
0,312,0,312
624,0,312,936
0,125,0,125
250,0,125,375
0,300,0,300
600,0,300,900
0,120,0,120
240,0,120,360
0,48,0,48
96,0,48,144
0,96,0,96
192,0,96,288
0,38,0,38
76,0,38,114
0,76,0,76
152,0,76,228
0,182,0,182
364,0,182,546
0,73,0,73
146,0,73,219
0,29,0,29
58,0,29,87
0,58,0,58
116,0,58,174
0,116,0,116
232,0,116,348
0,46,0,46
92,0,46,138
0,92,0,92
184,0,92,276
0,37,0,37
74,0,37,111
0,74,0,74
148,0,74,222
0,30,0,30
60,0,30,90
0,60,0,60
120,0,60,180
0,120,0,120
240,0,120,360
0,48,0,48
96,0,48,144
0,96,0,96
192,0,96,288
0,38,0,38
76,0,38,114
0,76,0,76
152,0,76,228
0,30,0,30
60,0,30,90
0,60,0,60
120,0,60,180
0,120,0,120
240,0,120,360
0,288,0,288
576,0,288,864
0,115,0,115
230,0,115,345
0,46,0,46
92,0,46,138
0,92,0,92
184,0,92,276
0,221,0,221
442,0,221,663
0,88,0,88
176,0,88,264
0,35,0,35
70,0,35,105
0,70,0,70
140,0,70,210
0,168,0,168
336,0,168,504
0,67,0,67
134,0,67,201
0,27,0,27
54,0,27,81
0,54,0,54
108,0,54,162
0,108,0,108
216,0,108,324
0,43,0,43
86,0,43,129
0,86,0,86
172,0,86,258
0,206,0,206
412,0,206,618
0,82,0,82
164,0,82,246
0,197,0,197
394,0,197,591
0,79,0,79
158,0,79,237
0,32,0,32
64,0,32,96
0,64,0,64
128,0,64,192
0,128,0,128
256,0,128,384
0,307,0,307
614,0,307,921
0,123,0,123
246,0,123,369
0,49,0,49
98,0,49,147
0,98,0,98
196,0,98,294
0,39,0,39
78,0,39,117
0,78,0,78
156,0,78,234
0,187,0,187
374,0,187,561
0,75,0,75
150,0,75,225
0,30,0,30
60,0,30,90
0,60,0,60
120,0,60,180
0,120,0,120
240,0,120,360
0,48,0,48
96,0,48,144
0,96,0,96
192,0,96,288
0,38,0,38
76,0,38,114
0,76,0,76
152,0,76,228
0,30,0,30
60,0,30,90
0,60,0,60
120,0,60,180
0,120,0,120
240,0,120,360
0,48,0,48
96,0,48,144
0,96,0,96
192,0,96,288
0,38,0,38
76,0,38,114
0,76,0,76
152,0,76,228
0,30,0,30
60,0,30,90
0,60,0,60
120,0,60,180
0,120,0,120
240,0,120,360
0,288,0,288
576,0,288,864
0,115,0,115
230,0,115,345
0,46,0,46
92,0,46,138
0,92,0,92
184,0,92,276
0,37,0,37
74,0,37,111
0,74,0,74
148,0,74,222
0,178,0,178
356,0,178,534
0,427,0,427
854,0,427,1281
0,171,0,171
342,0,171,513
0,410,0,410
820,0,410,1230
0,984,0,984
1968,0,984,2952
0,394,0,394
788,0,394,1182
0,158,0,158
316,0,158,474
0,379,0,379
758,0,379,1137
0,152,0,152
304,0,152,456
0,61,0,61
122,0,61,183
0,122,0,122
244,0,122,366
0,49,0,49
98,0,49,147
0,98,0,98
196,0,98,294
0,39,0,39
78,0,39,117
0,78,0,78
156,0,78,234
0,31,0,31
62,0,31,93
0,62,0,62
124,0,62,186
0,124,0,124
248,0,124,372
0,50,0,50
100,0,50,150
0,100,0,100
200,0,100,300
0,40,0,40
80,0,40,120
0,80,0,80
160,0,80,240
0,32,0,32
64,0,32,96
0,64,0,64
128,0,64,192
0,128,0,128
256,0,128,384
0,51,0,51
102,0,51,153
0,102,0,102
204,0,102,306
0,41,0,41
82,0,41,123
0,82,0,82
164,0,82,246
0,33,0,33
66,0,33,99
0,66,0,66
132,0,66,198
0,132,0,132
264,0,132,396
0,53,0,53
106,0,53,159
0,106,0,106
212,0,106,318
0,42,0,42
84,0,42,126
0,84,0,84
168,0,84,252
0,202,0,202
404,0,202,606
0,81,0,81
162,0,81,243
0,32,0,32
64,0,32,96
0,64,0,64
128,0,64,192
0,128,0,128
256,0,128,384
0,51,0,51
102,0,51,153
0,102,0,102
204,0,102,306
0,41,0,41
82,0,41,123
0,82,0,82
164,0,82,246
0,33,0,33
66,0,33,99
0,66,0,66
132,0,66,198
0,132,0,132
264,0,132,396
0,53,0,53
106,0,53,159
0,106,0,106
212,0,106,318
0,42,0,42
84,0,42,126
0,84,0,84
168,0,84,252
0,202,0,202
404,0,202,606
0,81,0,81
162,0,81,243
0,32,0,32
64,0,32,96
0,64,0,64
128,0,64,192
0,128,0,128
256,0,128,384
0,51,0,51
102,0,51,153
0,102,0,102
204,0,102,306
0,41,0,41
82,0,41,123
0,82,0,82
164,0,82,246
0,33,0,33
66,0,33,99
0,66,0,66
132,0,66,198
0,132,0,132
264,0,132,396
0,53,0,53
106,0,53,159
0,106,0,106
212,0,106,318
0,42,0,42
84,0,42,126
0,84,0,84
168,0,84,252
0,34,0,34
68,0,34,102
0,68,0,68
136,0,68,204
0,27,0,27
54,0,27,81
0,54,0,54
108,0,54,162
0,108,0,108
216,0,108,324
0,43,0,43
86,0,43,129
0,86,0,86
172,0,86,258
0,34,0,34
68,0,34,102
0,68,0,68
136,0,68,204
0,163,0,163
326,0,163,489
0,391,0,391
782,0,391,1173
0,938,0,938
1876,0,938,2814
0,375,0,375
750,0,375,1125
0,150,0,150
300,0,150,450
0,60,0,60
120,0,60,180
0,120,0,120
240,0,120,360
0,48,0,48
96,0,48,144
0,96,0,96
192,0,96,288
0,230,0,230
460,0,230,690
0,552,0,552
1104,0,552,1656
0,1325,0,1325
2650,0,1325,3975
0,530,0,530
1060,0,530,1590
0,1272,0,1272
2544,0,1272,3816
0,3053,0,3053
6106,0,3053,9159
0,1221,0,1221
2442,0,1221,3663
0,488,0,488
976,0,488,1464
0,195,0,195
390,0,195,585
0,468,0,468
936,0,468,1404
0,187,0,187
374,0,187,561
0,75,0,75
150,0,75,225
0,30,0,30
60,0,30,90
0,60,0,60
120,0,60,180
0,120,0,120
240,0,120,360
0,48,0,48
96,0,48,144
0,96,0,96
192,0,96,288
0,38,0,38
76,0,38,114
0,76,0,76
152,0,76,228
0,30,0,30
60,0,30,90
0,60,0,60
120,0,60,180
0,120,0,120
240,0,120,360
0,48,0,48
96,0,48,144
0,96,0,96
192,0,96,288
0,38,0,38
76,0,38,114
0,76,0,76
152,0,76,228
0,30,0,30
60,0,30,90
0,60,0,60
120,0,60,180
0,120,0,120
240,0,120,360
0,288,0,288
576,0,288,864
0,115,0,115
230,0,115,345
0,46,0,46
92,0,46,138
0,92,0,92
184,0,92,276
0,37,0,37
74,0,37,111
0,74,0,74
148,0,74,222
0,178,0,178
356,0,178,534
0,71,0,71
142,0,71,213
0,170,0,170
340,0,170,510
0,68,0,68
136,0,68,204
0,27,0,27
54,0,27,81
0,54,0,54
108,0,54,162
0,108,0,108
216,0,108,324
0,43,0,43
86,0,43,129
0,86,0,86
172,0,86,258
0,34,0,34
68,0,34,102
0,68,0,68
136,0,68,204
0,163,0,163
326,0,163,489
0,65,0,65
130,0,65,195
0,130,0,130
260,0,130,390
0,312,0,312
624,0,312,936
0,125,0,125
250,0,125,375
0,50,0,50
100,0,50,150
0,100,0,100
200,0,100,300
0,40,0,40
80,0,40,120
0,80,0,80
160,0,80,240
0,32,0,32
64,0,32,96
0,64,0,64
128,0,64,192
0,128,0,128
256,0,128,384
0,51,0,51
102,0,51,153
0,102,0,102
204,0,102,306
0,41,0,41
82,0,41,123
0,82,0,82
164,0,82,246
0,197,0,197
394,0,197,591
0,79,0,79
158,0,79,237
0,32,0,32
64,0,32,96
0,64,0,64
128,0,64,192
0,128,0,128
256,0,128,384
0,51,0,51
102,0,51,153
0,102,0,102
204,0,102,306
0,41,0,41
82,0,41,123
0,82,0,82
164,0,82,246
0,197,0,197
394,0,197,591
0,79,0,79
158,0,79,237
0,190,0,190
380,0,190,570
0,76,0,76
152,0,76,228
0,182,0,182
364,0,182,546
0,73,0,73
146,0,73,219
0,29,0,29
58,0,29,87
0,58,0,58
116,0,58,174
0,116,0,116
232,0,116,348
0,46,0,46
92,0,46,138
0,92,0,92
184,0,92,276
0,37,0,37
74,0,37,111
0,74,0,74
148,0,74,222
0,178,0,178
356,0,178,534
0,427,0,427
854,0,427,1281
0,1025,0,1025
2050,0,1025,3075
0,410,0,410
820,0,410,1230
0,164,0,164
328,0,164,492
0,66,0,66
132,0,66,198
0,132,0,132
264,0,132,396
0,53,0,53
106,0,53,159
0,106,0,106
212,0,106,318
0,42,0,42
84,0,42,126
0,84,0,84
168,0,84,252
0,34,0,34
68,0,34,102
0,68,0,68
136,0,68,204
0,27,0,27
54,0,27,81
0,54,0,54
108,0,54,162
0,108,0,108
216,0,108,324
0,43,0,43
86,0,43,129
0,86,0,86
172,0,86,258
0,206,0,206
412,0,206,618
0,82,0,82
164,0,82,246
0,33,0,33
66,0,33,99
0,66,0,66
132,0,66,198
0,132,0,132
264,0,132,396
0,317,0,317
634,0,317,951
0,127,0,127
254,0,127,381
0,51,0,51
102,0,51,153
0,102,0,102
204,0,102,306
0,41,0,41
82,0,41,123
0,82,0,82
164,0,82,246
0,33,0,33
66,0,33,99
0,66,0,66
132,0,66,198
0,132,0,132
264,0,132,396
0,317,0,317
634,0,317,951
0,127,0,127
254,0,127,381
0,305,0,305
610,0,305,915
0,122,0,122
244,0,122,366
0,49,0,49
98,0,49,147
0,98,0,98
196,0,98,294
0,39,0,39
78,0,39,117
0,78,0,78
156,0,78,234
0,31,0,31
62,0,31,93
0,62,0,62
124,0,62,186
0,124,0,124
248,0,124,372
0,50,0,50
100,0,50,150
0,100,0,100
200,0,100,300
0,40,0,40
80,0,40,120
0,80,0,80
160,0,80,240
0,192,0,192
384,0,192,576
0,77,0,77
154,0,77,231
0,31,0,31
62,0,31,93
0,62,0,62
124,0,62,186
0,124,0,124
248,0,124,372
0,298,0,298
596,0,298,894
0,119,0,119
238,0,119,357
0,48,0,48
96,0,48,144
0,96,0,96
192,0,96,288
0,38,0,38
76,0,38,114
0,76,0,76
152,0,76,228
0,30,0,30
60,0,30,90
0,60,0,60
120,0,60,180
0,120,0,120
240,0,120,360
0,48,0,48
96,0,48,144
0,96,0,96
192,0,96,288
0,230,0,230
460,0,230,690
0,92,0,92
184,0,92,276
0,37,0,37
74,0,37,111
0,74,0,74
148,0,74,222
0,30,0,30
60,0,30,90
0,60,0,60
120,0,60,180
0,120,0,120
240,0,120,360
0,48,0,48
96,0,48,144
0,96,0,96
192,0,96,288
0,38,0,38
76,0,38,114
0,76,0,76
152,0,76,228
0,30,0,30
60,0,30,90
0,60,0,60
120,0,60,180
0,120,0,120
240,0,120,360
0,48,0,48
96,0,48,144
0,96,0,96
192,0,96,288
0,38,0,38
76,0,38,114
0,76,0,76
152,0,76,228
0,30,0,30
60,0,30,90
0,60,0,60
120,0,60,180
0,120,0,120
240,0,120,360
0,288,0,288
576,0,288,864
0,691,0,691
1382,0,691,2073
0,1658,0,1658
3316,0,1658,4974
0,663,0,663
1326,0,663,1989
0,265,0,265
530,0,265,795
0,636,0,636
1272,0,636,1908
0,254,0,254
508,0,254,762
0,610,0,610
1220,0,610,1830
0,244,0,244
488,0,244,732
0,98,0,98
196,0,98,294
0,39,0,39
78,0,39,117
0,78,0,78
156,0,78,234
0,187,0,187
374,0,187,561
0,75,0,75
150,0,75,225
0,30,0,30
60,0,30,90
0,60,0,60
120,0,60,180
0,120,0,120
240,0,120,360
0,48,0,48
96,0,48,144
0,96,0,96
192,0,96,288
0,38,0,38
76,0,38,114
0,76,0,76
152,0,76,228
0,182,0,182
364,0,182,546
0,73,0,73
146,0,73,219
0,29,0,29
58,0,29,87
0,58,0,58
116,0,58,174
0,116,0,116
232,0,116,348
0,46,0,46
92,0,46,138
0,92,0,92
184,0,92,276
0,37,0,37
74,0,37,111
0,74,0,74
148,0,74,222
0,178,0,178
356,0,178,534
0,427,0,427
854,0,427,1281
0,171,0,171
342,0,171,513
0,68,0,68
136,0,68,204
0,27,0,27
54,0,27,81
0,54,0,54
108,0,54,162
0,108,0,108
216,0,108,324
0,43,0,43
86,0,43,129
0,86,0,86
172,0,86,258
0,34,0,34
68,0,34,102
0,68,0,68
136,0,68,204
0,27,0,27
54,0,27,81
0,54,0,54
108,0,54,162
0,108,0,108
216,0,108,324
0,43,0,43
86,0,43,129
0,86,0,86
172,0,86,258
0,34,0,34
68,0,34,102
0,68,0,68
136,0,68,204
0,27,0,27
54,0,27,81
0,54,0,54
108,0,54,162
0,108,0,108
216,0,108,324
0,43,0,43
86,0,43,129
0,86,0,86
172,0,86,258
0,34,0,34
68,0,34,102
0,68,0,68
136,0,68,204
0,27,0,27
54,0,27,81
0,54,0,54
108,0,54,162
0,108,0,108
216,0,108,324
0,259,0,259
518,0,259,777
0,104,0,104
208,0,104,312
0,42,0,42
84,0,42,126
0,84,0,84
168,0,84,252
0,202,0,202
404,0,202,606
0,81,0,81
162,0,81,243
0,32,0,32
64,0,32,96
0,64,0,64
128,0,64,192
0,128,0,128
256,0,128,384
0,51,0,51
102,0,51,153
0,102,0,102
204,0,102,306
0,41,0,41
82,0,41,123
0,82,0,82
164,0,82,246
0,33,0,33
66,0,33,99
0,66,0,66
132,0,66,198
0,132,0,132
264,0,132,396
0,53,0,53
106,0,53,159
0,106,0,106
212,0,106,318
0,254,0,254
508,0,254,762
0,102,0,102
204,0,102,306
0,41,0,41
82,0,41,123
0,82,0,82
164,0,82,246
0,197,0,197
394,0,197,591
0,473,0,473
946,0,473,1419
0,189,0,189
378,0,189,567
0,76,0,76
152,0,76,228
0,182,0,182
364,0,182,546
0,73,0,73
146,0,73,219
0,175,0,175
350,0,175,525
0,70,0,70
140,0,70,210
0,28,0,28
56,0,28,84
0,56,0,56
112,0,56,168
0,112,0,112
224,0,112,336
0,45,0,45
90,0,45,135
0,90,0,90
180,0,90,270
0,36,0,36
72,0,36,108
0,72,0,72
144,0,72,216
0,173,0,173
346,0,173,519
0,69,0,69
138,0,69,207
0,166,0,166
332,0,166,498
0,66,0,66
132,0,66,198
0,132,0,132
264,0,132,396
0,53,0,53
106,0,53,159
0,106,0,106
212,0,106,318
0,42,0,42
84,0,42,126
0,84,0,84
168,0,84,252
0,34,0,34
68,0,34,102
0,68,0,68
136,0,68,204
0,163,0,163
326,0,163,489
0,391,0,391
782,0,391,1173
0,156,0,156
312,0,156,468
0,62,0,62
124,0,62,186
0,124,0,124
248,0,124,372
0,50,0,50
100,0,50,150
0,100,0,100
200,0,100,300
0,240,0,240
480,0,240,720
0,96,0,96
192,0,96,288
0,38,0,38
76,0,38,114
0,76,0,76
152,0,76,228
0,30,0,30
60,0,30,90
0,60,0,60
120,0,60,180
0,120,0,120
240,0,120,360
0,48,0,48
96,0,48,144
0,96,0,96
192,0,96,288
0,38,0,38
76,0,38,114
0,76,0,76
152,0,76,228
0,30,0,30
60,0,30,90
0,60,0,60
120,0,60,180
0,120,0,120
240,0,120,360
0,288,0,288
576,0,288,864
0,115,0,115
230,0,115,345
0,276,0,276
552,0,276,828
0,110,0,110
220,0,110,330
0,44,0,44
88,0,44,132
0,88,0,88
176,0,88,264
0,35,0,35
70,0,35,105
0,70,0,70
140,0,70,210
0,28,0,28
56,0,28,84
0,56,0,56
112,0,56,168
0,112,0,112
224,0,112,336
0,269,0,269
538,0,269,807
0,108,0,108
216,0,108,324
0,43,0,43
86,0,43,129
0,86,0,86
172,0,86,258
0,206,0,206
412,0,206,618
0,82,0,82
164,0,82,246
0,33,0,33
66,0,33,99
0,66,0,66
132,0,66,198
0,132,0,132
264,0,132,396
0,53,0,53
106,0,53,159
0,106,0,106
212,0,106,318
0,42,0,42
84,0,42,126
0,84,0,84
168,0,84,252
0,34,0,34
68,0,34,102
0,68,0,68
136,0,68,204
0,27,0,27
54,0,27,81
0,54,0,54
108,0,54,162
0,108,0,108
216,0,108,324
0,43,0,43
86,0,43,129
0,86,0,86
172,0,86,258
0,206,0,206
412,0,206,618
0,82,0,82
164,0,82,246
0,33,0,33
66,0,33,99
0,66,0,66
132,0,66,198
0,132,0,132
264,0,132,396
0,317,0,317
634,0,317,951
0,761,0,761
1522,0,761,2283
0,304,0,304
608,0,304,912
0,730,0,730
1460,0,730,2190
0,1752,0,1752
3504,0,1752,5256
0,4205,0,4205
8410,0,4205,12615
0,1682,0,1682
3364,0,1682,5046
0,673,0,673
1346,0,673,2019
0,269,0,269
538,0,269,807
0,108,0,108
216,0,108,324
0,259,0,259
518,0,259,777
0,104,0,104
208,0,104,312
0,250,0,250
500,0,250,750
0,100,0,100
200,0,100,300
0,40,0,40
80,0,40,120
0,80,0,80
160,0,80,240
0,32,0,32
64,0,32,96
0,64,0,64
128,0,64,192
0,128,0,128
256,0,128,384
0,51,0,51
102,0,51,153
0,102,0,102
204,0,102,306
0,41,0,41
82,0,41,123
0,82,0,82
164,0,82,246
0,33,0,33
66,0,33,99
0,66,0,66
132,0,66,198
0,132,0,132
264,0,132,396
0,317,0,317
634,0,317,951
0,761,0,761
1522,0,761,2283
0,304,0,304
608,0,304,912
0,122,0,122
244,0,122,366
0,49,0,49
98,0,49,147
0,98,0,98
196,0,98,294
0,39,0,39
78,0,39,117
0,78,0,78
156,0,78,234
0,187,0,187
374,0,187,561
0,75,0,75
150,0,75,225
0,180,0,180
360,0,180,540
0,72,0,72
144,0,72,216
0,29,0,29
58,0,29,87
0,58,0,58
116,0,58,174
0,116,0,116
232,0,116,348
0,46,0,46
92,0,46,138
0,92,0,92
184,0,92,276
0,37,0,37
74,0,37,111
0,74,0,74
148,0,74,222
0,30,0,30
60,0,30,90
0,60,0,60
120,0,60,180
0,120,0,120
240,0,120,360
0,48,0,48
96,0,48,144
0,96,0,96
192,0,96,288
0,38,0,38
76,0,38,114
0,76,0,76
152,0,76,228
0,182,0,182
